1 0.795871214059 0.160207146812 0.0439216391291
1 0.768226963006 0.191361154639 0.0404118823549
1 0.70397803718 0.251658750208 0.0443632126116
1 0.0453530914869 0.270729212096 0.683917696417
1 0.788102648953 0.171715383109 0.0401819679384
1 0.803077069153 0.148761606219 0.0481613246281
1 0.198180236906 0.760890982482 0.0409287806116
1 0.733649501526 0.223655991967 0.0426945065068
1 0.797648731513 0.157464906205 0.0448863622819
1 0.786618963212 0.173839305928 0.0395417308605
1 0.800983049118 0.0468331011023 0.152183849779
1 0.804832575234 0.14581925532 0.0493481694461
1 0.256185467802 0.699206069598 0.0446084626001
1 0.73717950282 0.220341684087 0.0424788130926
1 0.195991220197 0.763243787644 0.0407649921592
1 0.7982724895 0.156491191279 0.0452363192206
1 0.805937284465 0.143929154758 0.0501335607771
5 0.792828060855 0.164800353282 0.0423715858627
5 0.0421118753863 0.792294521818 0.165593602795
5 0.143352127629 0.806270838523 0.0503770338475
5 0.0446811267659 0.797277777205 0.158041096029
5 0.180046778601 0.7804437786 0.0395094427987
5 0.245485716573 0.710496172443 0.0440181109833
5 0.778871499908 0.181499917586 0.0396285825059
5 0.25565620728 0.699763667757 0.0445801249634
5 0.170528080915 0.78892563466 0.0405462844251
5 0.741885768145 0.215928913098 0.042185318757
5 0.239780993162 0.716530994749 0.0436880120889
5 0.192606653307 0.76688557599 0.0405077707032
5 0.159881218982 0.796084061125 0.0440347198928
5 0.166012907563 0.792011577227 0.0419755152101
5 0.147540206555 0.803810973928 0.0486488195165
5 0.0451608627951 0.798138925046 0.156700212159
5 0.791499568509 0.166769308944 0.0417311225465
z 0.0406009558188 0.170351214155 0.789047830026
z 0.765119463152 0.040633077301 0.194247459547
z 0.154894060675 0.799286949489 0.0458189898359
z 0.172285837781 0.0400085767562 0.787705585463
z 0.0404146377805 0.768188538109 0.191396824111
z 0.0432353034037 0.724515272412 0.232249424184
z 0.0452914510574 0.156338791672 0.79836975727
z 0.204903437609 0.753677077703 0.0414194846875
z 0.743836174571 0.0420616762949 0.214102149134
z 0.147604653079 0.0486229154354 0.803772431485
z 0.0452780052256 0.156375934766 0.798346060008
z 0.816569528534 0.123406928304 0.0600235431628
z 0.158504865507 0.0445169222577 0.796978212235
z 0.0515572175959 0.140612905478 0.807829876927
z 0.0477529026404 0.149799011409 0.802448085951
z 0.806832845948 0.142372890332 0.0507942637196
z 0.0515743734992 0.140573777896 0.807851848604
