1 0.808075796169 0.14017409487 0.0517501089614
1 0.158101221059 0.797238989854 0.044659789087
1 0.809546587834 0.0529458533877 0.137507558778
1 0.792594698046 0.0422575731225 0.165147728831
1 0.238602668875 0.717778864196 0.0436184669288
1 0.150588515803 0.801965999197 0.0474454849999
1 0.81343900729 0.130031232912 0.0565297597985
1 0.235514544042 0.721051496376 0.0434339595823
1 0.78577971699 0.175031678049 0.0391886049612
1 0.73691359635 0.220591210957 0.0424951926926
1 0.803330574889 0.148341069431 0.0483283556799
1 0.795319174666 0.0436313186803 0.161049506653
1 0.794847430935 0.161766023733 0.0433865453317
1 0.793038637896 0.042475032016 0.164486330088
1 0.799019657741 0.0456637995313 0.155316542727
1 0.80536922831 0.144905001297 0.0497257703936
1 0.776886996848 0.18333532592 0.0397776772319
5 0.195040938577 0.764265798238 0.0406932631848
5 0.139228031917 0.808602298054 0.0521696700292
5 0.139958561731 0.808196190043 0.0518452482265
5 0.761799636187 0.0408657463665 0.197334617446
5 0.211108815991 0.747034864618 0.041856319391
5 0.210503161777 0.747682489929 0.0418143482935
5 0.187661228694 0.772215714643 0.0401230566628
5 0.144266496295 0.805741472504 0.0499920312018
5 0.168967198354 0.790000390283 0.0410324113639
5 0.763293345273 0.195945132561 0.0407615221662
5 0.205979015848 0.752524692946 0.0414962912058
5 0.177639372765 0.783050723629 0.0393099036051
5 0.0464736917568 0.800391837909 0.153134470335
5 0.25788643899 0.697414624199 0.0446989368109
5 0.153953343718 0.799879336648 0.0461673196342
5 0.0400461152913 0.78779184491 0.172162039799
5 0.223440087004 0.733879335111 0.0426805778842
z 0.0459292429097 0.154595179452 0.799475577638
z 0.796888581143 0.0444680542503 0.158643364606
z 0.183489256758 0.0397901115895 0.776720631653
z 0.1508958759 0.0473265913373 0.801777532763
z 0.170839489226 0.0404502786143 0.78871023216
z 0.14613224947 0.0492198743294 0.804647876201
z 0.155849376554 0.0454691638633 0.798681459583
z 0.185802029958 0.0399756457496 0.774222324293
z 0.0443075897247 0.159099700181 0.796592710095
z 0.25027088442 0.0442867043428 0.705442411238
z 0.155423138825 0.0456247646703 0.798952096505
z 0.0400423133174 0.186640463769 0.773317222914
z 0.166164346007 0.0419264219519 0.791909232041
z 0.048475828579 0.147971552934 0.803552618487
z 0.0502476402668 0.143658270471 0.806094089262
z 0.177602222542 0.039306803089 0.783090974369
z 0.144277201163 0.0499875497641 0.805735249073
