1 0.798701873015 0.155817268996 0.0454808579895
1 0.735177746914 0.222220662784 0.0426015903019
1 0.792741933685 0.164928635487 0.0423294308282
1 0.801077611954 0.15203119052 0.0468911975256
1 0.734998715957 0.222388772242 0.0426125118008
1 0.0423070917041 0.164996690078 0.792696218218
1 0.0462889547711 0.153627288165 0.800083757064
1 0.697036459056 0.25824561607 0.0447179248741
1 0.273259950378 0.0454760898154 0.681263959806
1 0.0420218036468 0.792107843169 0.165870353184
1 0.805610678265 0.144491259054 0.0498980626811
1 0.248829555596 0.0442065887074 0.706963855696
1 0.712603071517 0.24349289626 0.0439040322229
1 0.191155162301 0.768448878782 0.0403959589169
1 0.229332128792 0.0430546591245 0.727613212083
1 0.795600293804 0.0437786304067 0.160621075789
1 0.190852125103 0.425469785896 0.383678089001
5 0.14225737095 0.806898805977 0.0508438230738
5 0.0408293671021 0.789554704273 0.169615928625
5 0.176467968709 0.784320205834 0.0392118254575
5 0.798859089935 0.0455711535262 0.155569756539
5 0.133940930026 0.811447753512 0.0546113164622
5 0.181589109521 0.778775027037 0.0396358634425
5 0.261155272628 0.69397446987 0.0448702575016
5 0.191224296055 0.768374398864 0.0404013050806
5 0.194655752222 0.76468016787 0.0406640799077
5 0.0523648157806 0.138791875767 0.808843308453
5 0.724671434735 0.232102300476 0.0432262647891
5 0.140067880932 0.808135158516 0.0517969605521
5 0.16031306452 0.795801954158 0.0438849813219
5 0.146553162209 0.804398716647 0.0490481211436
5 0.151326008717 0.801513051464 0.047160939819
5 0.0397596986401 0.777127305673 0.183112995687
5 0.20968443416 0.748558180981 0.0417573848589
z 0.160825899279 0.0437081144192 0.795465986302
z 0.18473781845 0.0398905724368 0.775371609114
z 0.804475995602 0.0491012314032 0.146422772995
z 0.155218437864 0.0456997679859 0.79908179415
z 0.203207664203 0.0412974487033 0.755494887093
z 0.15490930791 0.0458133757008 0.799277316389
z 0.227439463075 0.0429358520531 0.729624684871
z 0.186611152817 0.0400399879617 0.773348859221
z 0.194060554324 0.0406188615195 0.765320584157
z 0.173988433904 0.0394973208808 0.786514245215
z 0.20584287428 0.0414865949065 0.752670530813
z 0.20577562073 0.0414818022385 0.752742577032
z 0.236215722559 0.0434761398217 0.720308137619
z 0.173097249567 0.0397637659222 0.787138984511
z 0.0414364728398 0.167689719053 0.790873808107
z 0.264748924953 0.0450547756601 0.690196299387
z 0.722424476992 0.043355632706 0.234219890302
