1 0.811903615837 0.133062945507 0.0550334386567
1 0.160281831253 0.795822382282 0.0438957864649
1 0.158407430789 0.797041221435 0.0445513477761
1 0.791549197049 0.0417546797528 0.166696123198
1 0.159664776295 0.79622517617 0.0441100475351
1 0.0417071424597 0.208965406756 0.749327450784
1 0.80277141635 0.149266786283 0.0479617973667
1 0.76179432223 0.197339561963 0.0408661158075
1 0.747686538008 0.210499376463 0.0418140855283
1 0.744041734214 0.213909689778 0.0420485760085
1 0.79375953516 0.0428333150044 0.163407149836
1 0.216226426761 0.0422053359358 0.741568237303
1 0.172062407449 0.787861230087 0.0400763624647
1 0.760151767122 0.0409798566 0.198868376278
1 0.806799129244 0.0507689791809 0.142431891576
1 0.795183265509 0.0435604896524 0.161256244839
1 0.744484127745 0.213495534832 0.0420203374226
5 0.794941578497 0.0434351552205 0.161623266282
5 0.130516019051 0.813197615531 0.0562863654179
5 0.198443408441 0.760608254286 0.0409483372721
5 0.230382284438 0.0431200318428 0.726497683719
5 0.200373157247 0.758535978218 0.0410908645349
5 0.693630146104 0.26148262323 0.0448872306666
5 0.194876223082 0.764442985554 0.0406807913638
5 0.0438639675936 0.795762193923 0.160373838483
5 0.156114503698 0.798512729189 0.0453727671127
5 0.0417560701833 0.748578347098 0.209665582719
5 0.26346361657 0.691547145497 0.0449892379339
5 0.17438964272 0.786232166468 0.0393781908121
5 0.0462927651346 0.80009014054 0.153617094325
5 0.174804880869 0.785939690838 0.0392554282928
5 0.170232953942 0.789129476308 0.0406375697492
5 0.0398460341576 0.775970765597 0.184183200245
5 0.808992390777 0.138521083723 0.0524865255001
z 0.042357169096 0.218499436982 0.739143393922
z 0.813587553336 0.129731294035 0.0566811526293
z 0.0416319181723 0.167078158698 0.79128992313
z 0.155584056779 0.0455659295202 0.798850013701
z 0.147318729215 0.0487379972663 0.803943273519
z 0.0395067450804 0.17395676781 0.786536487109
z 0.210684852458 0.0418269541781 0.747488193364
z 0.230169166876 0.0431067966679 0.726724036456
z 0.0422043243108 0.792485247036 0.165310428653
z 0.271687506119 0.0453998913007 0.68291260258
z 0.225528892594 0.0428146228237 0.731656484582
z 0.188307516787 0.329742836108 0.481949647106
z 0.490239397968 0.187695907445 0.322064694587
z 0.0429557314417 0.163041389338 0.794002879221
z 0.142986385163 0.0505322688049 0.806481346032
z 0.210854942016 0.0418387435533 0.747306314431
z 0.156662402286 0.0451744985703 0.798163099144
