1 0.745778153724 0.0419373850676 0.212284461208
1 0.76600446301 0.193425117319 0.0405704196712
1 0.767816972912 0.191741770929 0.0404412561591
1 0.172305688444 0.787691749363 0.0400025621926
1 0.210722521927 0.747447911953 0.0418295661203
1 0.807815356253 0.140638755832 0.0515458879148
1 0.792798924389 0.164843760656 0.042357314955
1 0.143009704522 0.806467945535 0.0505223499427
1 0.797490756748 0.0447987012111 0.157710542041
1 0.798955555783 0.045626761474 0.155417682743
1 0.318120450828 0.187356296028 0.494523253144
1 0.806007492116 0.0501845562966 0.143807951587
1 0.0589861899164 0.815702984935 0.125310825149
1 0.784635077694 0.176177516248 0.0391874060579
1 0.148280243815 0.803367170748 0.0483525854362
1 0.245873232042 0.710086626283 0.0440401416756
1 0.794243783577 0.0430776689138 0.162678547509
5 0.795222989039 0.0435811654474 0.161195845514
5 0.0447593614607 0.797419635281 0.157821003258
5 0.0419425017457 0.212358925526 0.745698572728
5 0.317489970122 0.0473315060434 0.635178523834
5 0.177390194607 0.783320710381 0.0392890950115
5 0.801523433988 0.151309149434 0.0471674165783
5 0.802955771962 0.0480819013433 0.148962326695
5 0.811333837802 0.134158867789 0.0545072944098
5 0.0449299654614 0.797727049903 0.157342984636
5 0.224048221356 0.0427197669326 0.733232011712
5 0.742807832642 0.215065153357 0.0421270140006
5 0.0542863748963 0.811089813142 0.134623811961
5 0.0460143233192 0.799620423916 0.154365252765
5 0.0445485158219 0.797036042216 0.158415441962
5 0.263914533441 0.513313553821 0.222771912738
5 0.0455658052569 0.679303105061 0.275131089682
5 0.816011826176 0.0593489399671 0.124639233857
z 0.042470062268 0.220208517455 0.737321420277
z 0.234789482672 0.043390164529 0.721820352799
z 0.0508880401959 0.14215444557 0.806957514234
z 0.188585011753 0.333524349651 0.477890638597
z 0.0453929912514 0.156058811807 0.798548196942
z 0.0436342310256 0.7174967023 0.238869066675
z 0.135677972609 0.0537904704194 0.810531556971
z 0.0486974305661 0.147419404308 0.803883165125
z 0.164681544401 0.0424106815769 0.792907774022
z 0.0476456380991 0.15007363513 0.802280726771
z 0.151196545361 0.0472107087079 0.801592745931
z 0.188503374168 0.479106992909 0.332389632923
z 0.197190607331 0.0408549818356 0.761954410834
z 0.149949987503 0.0476938893752 0.802356123122
z 0.147705126763 0.0485825709756 0.803712302262
z 0.807157494304 0.051039417513 0.141803088183
z 0.0398330392098 0.172866931443 0.787300029348
