1 0.242667005658 0.713476626928 0.0438563674138
1 0.121179742474 0.817547086508 0.0612731710174
1 0.244674238759 0.71135394437 0.0439718168709
1 0.794695095307 0.161996761487 0.0433081432063
1 0.797512651746 0.157676520458 0.0448108277961
1 0.0437416701215 0.240695622619 0.71556270726
1 0.042196691907 0.741705417747 0.216097890346
1 0.812105336103 0.132671361616 0.0552233022808
1 0.0404556984732 0.191929207534 0.767615093993
1 0.0409814397522 0.198889748193 0.760128812055
1 0.807094669777 0.141913595584 0.0509917346387
1 0.658160722751 0.295367949568 0.0464713276808
1 0.392717077373 0.416290090542 0.190992832085
1 0.20513174497 0.753432428402 0.0414358266279
1 0.222929107795 0.0426475455563 0.734423346649
1 0.804254647535 0.146795861836 0.0489494906296
1 0.0420450286367 0.79215605946 0.165798911903
5 0.0410004856976 0.759852453304 0.199147060999
5 0.0409047825365 0.761237391711 0.197857825753
5 0.396623835037 0.191029266983 0.41234689798
5 0.748431816631 0.209802563477 0.0417656198914
5 0.14471691815 0.805479098756 0.0498039830941
5 0.790937055579 0.167596888945 0.041466055476
5 0.339267168141 0.0480534917407 0.612679340118
5 0.197364619218 0.509340213158 0.293295167624
5 0.188734857339 0.771057658289 0.0402074843725
5 0.047620222689 0.80224093914 0.150138838171
5 0.730488292281 0.226627233101 0.0428844746178
5 0.0474931378301 0.802041219415 0.150465642755
5 0.159692720377 0.796206967825 0.0441003117985
5 0.167375469868 0.791087792099 0.0415367380327
5 0.131033448158 0.812938213875 0.0560283379673
5 0.0428839768182 0.22661938158 0.730496641602
5 0.215403676744 0.742446424877 0.0421498983783
z 0.144488643433 0.0498991547072 0.80561220186
z 0.17513093889 0.0391594092732 0.785709651836
z 0.132816514522 0.812030677796 0.0551528076817
z 0.0436279766736 0.161059250527 0.7953127728
z 0.135498290637 0.0538745127679 0.810627196595
z 0.053082265635 0.137209101333 0.809708633032
z 0.654711598168 0.298679871304 0.0466085305275
z 0.206287316631 0.0415182218046 0.752194461564
z 0.0398377914478 0.776081462366 0.184080746186
z 0.147635226585 0.0486106336353 0.80375413978
z 0.0394150849999 0.178904290648 0.781680624352
z 0.0419219751693 0.166178075572 0.791899949258
z 0.806575993262 0.142821537296 0.050602469442
z 0.142110400861 0.0509069794877 0.806982619651
z 0.0432992192467 0.723407451005 0.233293329748
z 0.80707327377 0.0509755220535 0.141951204177
z 0.786422721113 0.0394585883507 0.174118690536
