1 0.447979062676 0.352989455108 0.199031482216
1 0.383292791038 0.509956582848 0.106750626114
1 0.496462415821 0.320789158344 0.182748425834
1 0.517028675514 0.274310018999 0.208661305487
1 0.377923030246 0.422201683073 0.199875286681
1 0.587822182967 0.255653734785 0.156524082249
1 0.470003642249 0.403208310294 0.126788047456
1 0.556640648643 0.239008921173 0.204350430184
1 0.367137705058 0.383623337341 0.249238957601
1 0.493658271371 0.36073414062 0.145607588009
1 0.421560648585 0.42743945082 0.150999900595
1 0.513001011389 0.331733463876 0.155265524735
1 0.491223895895 0.283336834468 0.225439269637
1 0.236463724541 0.48477720464 0.278759070819
1 0.314831714199 0.320636832805 0.364531452996
1 0.455352704933 0.404597776112 0.140049518955
1 0.453016912431 0.340720213039 0.20626287453
5 0.15307946504 0.51297653548 0.33394399948
5 0.243926655054 0.423744319019 0.332329025927
5 0.332967964247 0.405423765398 0.261608270355
5 0.193165195445 0.41273007324 0.394104731315
5 0.169789802131 0.535967833849 0.29424236402
5 0.261724315052 0.395029196594 0.343246488354
5 0.207437481963 0.507457333617 0.28510518442
5 0.278083839286 0.384673183567 0.337242977148
5 0.20506342003 0.560126302611 0.234810277359
5 0.23655835053 0.396456859381 0.366984790089
5 0.196890849219 0.554088442781 0.249020707999
5 0.178577774443 0.466688580868 0.354733644689
5 0.226972301826 0.485689380752 0.287338317422
5 0.168283674929 0.442648653155 0.389067671915
5 0.207045363939 0.45589417605 0.33706046001
5 0.166202235444 0.439137570721 0.394660193835
5 0.201552787429 0.528199215607 0.270247996964
z 0.373593233258 0.246386396531 0.380020370211
z 0.378968581188 0.264581674099 0.356449744713
z 0.403964521531 0.275723479374 0.320311999094
z 0.360980576784 0.243629088814 0.395390334401
z 0.536455759673 0.16777620377 0.295768036558
z 0.269921903963 0.236934307292 0.493143788746
z 0.330610823039 0.196564221698 0.472824955263
z 0.522091799256 0.189299986535 0.288608214209
z 0.490586756519 0.209957139136 0.299456104344
z 0.509145013995 0.210419462602 0.280435523403
z 0.381406956714 0.148085608746 0.47050743454
z 0.363143450266 0.343119806354 0.29373674338
z 0.322338812691 0.252087240633 0.425573946677
z 0.292284868256 0.242621912606 0.465093219138
z 0.517429993536 0.166095769732 0.316474236732
z 0.459504380841 0.203863493111 0.336632126048
z 0.25689632946 0.256652284197 0.486451386343
