1 0.404837918342 0.347875020537 0.247287061121
1 0.418785038021 0.410237601022 0.170977360957
1 0.499925912437 0.298820627489 0.201253460074
1 0.491269030649 0.279065321315 0.229665648036
1 0.418645576548 0.315974793795 0.265379629657
1 0.43393304155 0.344297178895 0.221769779555
1 0.456540414928 0.336850307239 0.206609277833
1 0.454018062015 0.30315594019 0.242825997795
1 0.416626398331 0.324520896951 0.258852704718
1 0.376643174 0.330832420782 0.292524405218
1 0.533666236896 0.289010330239 0.177323432864
1 0.453627578902 0.337943344534 0.208429076563
1 0.454437319918 0.293579230155 0.251983449927
1 0.238090131853 0.407821075115 0.354088793032
1 0.319249353023 0.31370938259 0.367041264387
1 0.525991440184 0.297238419111 0.176770140705
1 0.430417862049 0.337399487129 0.232182650823
5 0.151823215049 0.430577217776 0.417599567175
5 0.23091972741 0.41237311859 0.356707154
5 0.325541270183 0.363925493602 0.310533236214
5 0.215942067035 0.420809601529 0.363248331436
5 0.146306643452 0.442834370458 0.41085898609
5 0.242399668415 0.398969979382 0.358630352203
5 0.179769877795 0.508992315239 0.311237806966
5 0.260599784209 0.420243404131 0.319156811661
5 0.246219937345 0.384362968477 0.369417094178
5 0.162668933476 0.376059164023 0.461271902501
5 0.218215178864 0.500133815739 0.281651005397
5 0.159780380018 0.461621643292 0.378597976689
5 0.226738824296 0.425254228884 0.34800694682
5 0.177406916379 0.449036909753 0.373556173868
5 0.195769568739 0.459296942876 0.344933488385
5 0.280933778964 0.349028443417 0.370037777619
5 0.219168248391 0.482678578781 0.298153172829
z 0.381688835852 0.242517274018 0.37579389013
z 0.347515350095 0.27589302357 0.376591626335
z 0.382014928719 0.283083999919 0.334901071362
z 0.387953699253 0.209870656454 0.402175644293
z 0.519844504357 0.211335807395 0.268819688248
z 0.317115284665 0.28177630946 0.401108405875
z 0.388980638521 0.204415381039 0.40660398044
z 0.485027762781 0.220769351703 0.294202885517
z 0.461334469365 0.203300568303 0.335364962332
z 0.403129960175 0.255932267254 0.340937772571
z 0.375698917017 0.177182494425 0.447118588558
z 0.37072028173 0.311743466675 0.317536251595
z 0.402611101772 0.242077541994 0.355311356235
z 0.308893633171 0.236478788031 0.454627578798
z 0.501389056116 0.18437036252 0.314240581365
z 0.415537300587 0.196972861199 0.387489838214
z 0.27675790837 0.254070070619 0.469172021011
