1 0.41832928406 0.376157653412 0.205513062528
1 0.335524254119 0.515384957349 0.149090788532
1 0.515615902559 0.2993530157 0.185031081741
1 0.468192724571 0.309709206933 0.222098068496
1 0.335001450977 0.435321128551 0.229677420472
1 0.569254546992 0.256860400855 0.173885052153
1 0.430210903602 0.408047426101 0.161741670296
1 0.494639962431 0.260585774652 0.244774262917
1 0.394070414071 0.37384837353 0.232081212399
1 0.391177947357 0.382716502291 0.226105550353
1 0.375799612157 0.462591751899 0.161608635944
1 0.477956886149 0.359717987337 0.162325126513
1 0.477311665737 0.284190255245 0.238498079019
1 0.259199060425 0.454555034663 0.286245904912
1 0.298518962835 0.317697871 0.383783166165
1 0.398476251737 0.453858874424 0.147664873839
1 0.419280956977 0.358431795629 0.222287247394
5 0.142310373199 0.504990349171 0.35269927763
5 0.209376041147 0.417373145827 0.373250813026
5 0.308416128593 0.424149888357 0.26743398305
5 0.178274468691 0.435959642882 0.385765888427
5 0.134191524814 0.526748650711 0.339059824476
5 0.251342888585 0.378424572978 0.370232538437
5 0.148210232989 0.564131932929 0.287657834081
5 0.248848756608 0.44966656378 0.301484679613
5 0.199517812032 0.555211509687 0.245270678281
5 0.205082459851 0.381404292781 0.413513247368
5 0.204270234957 0.547978997972 0.247750767071
5 0.136165850219 0.487796002945 0.376038146836
5 0.154223107561 0.530987835353 0.314789057086
5 0.169181540958 0.423447443967 0.407371015075
5 0.188379011166 0.472391796409 0.339229192425
5 0.188119975418 0.442324865231 0.369555159352
5 0.196182335336 0.508643697702 0.295173966962
z 0.367784350621 0.249576683653 0.382638965726
z 0.435315727605 0.298042230837 0.266642041558
z 0.386189805453 0.263801450308 0.35000874424
z 0.407690038446 0.234534844568 0.357775116986
z 0.513880023626 0.221962610611 0.264157365762
z 0.332543689178 0.276266259895 0.391190050927
z 0.440157698263 0.251645289161 0.308197012576
z 0.562723709992 0.188150678122 0.249125611886
z 0.550947977397 0.220169434295 0.228882588308
z 0.538831560812 0.214911541243 0.246256897945
z 0.455187589651 0.218408628472 0.326403781877
z 0.401204131199 0.30529598133 0.293499887471
z 0.433428950385 0.289909503841 0.276661545774
z 0.310712821845 0.269734836807 0.419552341348
z 0.56908893998 0.202932946898 0.227978113122
z 0.538050592515 0.219517203702 0.242432203783
z 0.268362400392 0.296595097734 0.435042501874
