1 0.54879600229 0.29552314716 0.15568085055
1 0.19470046956 0.64976340628 0.15553612416
1 0.586781806799 0.196746018415 0.216472174786
1 0.606757853965 0.303931394524 0.0893107515105
1 0.465294268837 0.411087075416 0.123618655747
1 0.465449367518 0.324399634656 0.210150997826
1 0.183048786307 0.410976728546 0.405974485147
1 0.760359298365 0.204765305175 0.0348753964593
1 0.491158223759 0.303903180268 0.204938595973
1 0.189285405607 0.337034176368 0.473680418025
1 0.57383161155 0.367123663108 0.0590447253422
1 0.631908930061 0.256869742315 0.111221327624
1 0.502338921101 0.288908766954 0.208752311945
1 0.034466345426 0.221429020187 0.744104634387
1 0.0976753631357 0.186599267623 0.715725369241
1 0.694225037693 0.270834780015 0.0349401822919
1 0.168191991662 0.469404253284 0.362403755054
5 0.00282081266566 0.151264218268 0.845914969066
5 0.0235714772514 0.258434896529 0.71799362622
5 0.248887627028 0.43069895396 0.320413419012
5 0.0170161641297 0.0693025119458 0.913681323925
5 0.00158949084274 0.154780077455 0.843630431702
5 0.0336163801371 0.123293016436 0.843090603427
5 0.00680446670105 0.173429467586 0.819766065713
5 0.0447032584518 0.47283620753 0.482460534019
5 0.0155943409912 0.299710255388 0.68469540362
5 0.0120602316955 0.134085062268 0.853854706036
5 0.0129413089245 0.369342843052 0.617715848023
5 0.0222702945137 0.206238769057 0.771490936429
5 0.0131951580435 0.387512239524 0.599292602432
5 0.00545197715117 0.0652826234731 0.929265399376
5 0.0304335099695 0.143556470854 0.826010019176
5 0.0476613982956 0.146614994879 0.805723606825
5 0.0287801525988 0.338008356017 0.633211491384
z 0.601921118513 0.135076285476 0.263002596011
z 0.463464229868 0.424738229887 0.111797540245
z 0.547909505309 0.202078582155 0.250011912536
z 0.837915682406 0.100684068827 0.0614002487668
z 0.962673480003 0.0319875639514 0.00533895604575
z 0.466794542917 0.220216618649 0.312988838434
z 0.737057506577 0.192138097303 0.0708043961202
z 0.918861956638 0.0719342299226 0.00920381343925
z 0.946454515905 0.0493697999098 0.00417568418474
z 0.758288093396 0.173586160042 0.0681257465618
z 0.807577820737 0.17954908756 0.0128730917026
z 0.20741753669 0.1780523795 0.61453008381
z 0.803505984874 0.136643951819 0.0598500633068
z 0.298315097102 0.411130674341 0.290554228557
z 0.95911006289 0.036635377132 0.00425455997771
z 0.709249066079 0.184784708956 0.105966224965
z 0.0996031476857 0.159941582325 0.740455269989
