1 0.676368197876 0.292849788565 0.0307820135585
1 0.181429027244 0.811907907942 0.00666306481353
1 0.908634505471 0.078405368224 0.0129601263046
1 0.708194467332 0.268567630613 0.0232379020548
1 0.210283436796 0.697033356695 0.0926832065086
1 0.725152770117 0.2420589564 0.0327882734826
1 0.366641291788 0.587042429229 0.0463162789834
1 0.864399361396 0.121965364213 0.0136352743915
1 0.67183869078 0.25212019775 0.07604111147
1 0.445684732433 0.393138402206 0.16117686536
1 0.762971750648 0.226543848896 0.0104844004554
1 0.525983225843 0.428829467601 0.0451873065562
1 0.640622721802 0.268918773069 0.0904585051285
1 0.0199652171312 0.384502149079 0.595532633789
1 0.0376756764243 0.0851622491744 0.877162074401
1 0.81126110611 0.186807820542 0.00193107334812
1 0.155702024723 0.702983101168 0.14131487411
5 0.000800479033618 0.204798529883 0.794400991083
5 0.0157695681041 0.366477419291 0.617753012605
5 0.221918290292 0.535065115156 0.243016594552
5 0.00892113687011 0.0498288145245 0.941250048605
5 0.00194894289578 0.576945614977 0.421105442127
5 0.0181668710777 0.103205576951 0.878627551971
5 0.00139982267058 0.228972191044 0.769627986285
5 0.0120274318115 0.449703416182 0.538269152006
5 0.0172171778681 0.603755144601 0.379027677531
5 0.00481813349206 0.163865825239 0.831316041269
5 0.002166185799 0.746327162984 0.251506651217
5 0.00517320716941 0.132751740081 0.86207505275
5 0.00172772737833 0.51018422388 0.488088048742
5 0.00229881604425 0.130616981567 0.867084202388
5 0.00500039843468 0.137461961962 0.857537639603
5 0.0222320910757 0.136666622671 0.841101286253
5 0.0098062675807 0.805314885551 0.184878846868
z 0.639804872588 0.05972684904 0.300468278372
z 0.479854804179 0.395220721298 0.124924474523
z 0.591737592721 0.158909176878 0.249353230401
z 0.857114255363 0.0409579223253 0.101927822312
z 0.981671489925 0.0120994169094 0.00622909316556
z 0.331812572328 0.0788765707859 0.589310856887
z 0.84375386945 0.0320941972189 0.124151933331
z 0.975196914329 0.0207054960226 0.00409758964807
z 0.992022301503 0.00598186170379 0.0019958367931
z 0.928361198795 0.04622284023 0.0254159609745
z 0.831685984779 0.0436716233428 0.124642391878
z 0.372778479206 0.19354657316 0.433674947634
z 0.856978740171 0.032698694719 0.11032256511
z 0.173986356028 0.45610781258 0.369905831392
z 0.994925973982 0.0035002960143 0.00157373000346
z 0.951030187501 0.0309743596988 0.0179954528003
z 0.0794999276328 0.101177375773 0.819322696594
