1 0.677143849184 0.296139511187 0.0267166396288
1 0.176374319155 0.817993162268 0.00563251857726
1 0.909855497369 0.0783365362084 0.0118079664228
1 0.701516001607 0.276442410518 0.0220415878755
1 0.207233731923 0.714007070109 0.0787591979677
1 0.73262465472 0.237031810698 0.0303435345819
1 0.367549975594 0.59424510904 0.0382049153659
1 0.862365362676 0.123931070071 0.0137035672536
1 0.683358250738 0.258553712162 0.0580880370997
1 0.440407950212 0.385430027452 0.174162022337
1 0.763586807472 0.226602620881 0.00981057164688
1 0.534900418114 0.423179453622 0.0419201282643
1 0.645312554333 0.272087690259 0.0825997554085
1 0.0240643256274 0.454689734876 0.521245939497
1 0.04369837394 0.0981738447795 0.858127781281
1 0.809351018984 0.188790038552 0.00185894246356
1 0.152935411382 0.715918677629 0.131145910988
5 0.000951183575518 0.243971055044 0.75507776138
5 0.0159421942589 0.375425410169 0.608632395573
5 0.225621917881 0.54084582415 0.233532257969
5 0.00995652265087 0.0549894459425 0.935054031407
5 0.00197547129797 0.602049945889 0.395974582813
5 0.0206533765794 0.115912073152 0.863434550269
5 0.00170336993946 0.283657971228 0.714638658833
5 0.0135600865151 0.504512434221 0.481927479264
5 0.0189862069926 0.684495764199 0.296518028808
5 0.004675424719 0.156589042171 0.83873553311
5 0.00221433908418 0.794923042527 0.202862618389
5 0.00550904231768 0.140858276277 0.853632681405
5 0.00178102013842 0.558357539568 0.439861440294
5 0.00256012649804 0.145148667081 0.852291206421
5 0.00642845021796 0.176869110774 0.816702439008
5 0.0265562094951 0.161360719194 0.812083071311
5 0.00988280281966 0.82819330606 0.161923891121
z 0.639142869413 0.0590374994946 0.301819631093
z 0.480982833582 0.390760148812 0.128257017606
z 0.595700538873 0.159019116744 0.245280344384
z 0.836624817541 0.0395571243083 0.123818058151
z 0.979662003955 0.0118969077038 0.00844108834104
z 0.294972791581 0.0701913501551 0.634835858264
z 0.8309855142 0.0310474469098 0.13796703889
z 0.974644653291 0.0204271591581 0.00492818755057
z 0.991869035871 0.00582513897677 0.00230582515207
z 0.927485849064 0.0461454266704 0.0263687242661
z 0.820668792337 0.0431809523241 0.136150255339
z 0.362267019522 0.18603016715 0.451702813328
z 0.852294913952 0.0325990251586 0.115106060889
z 0.162488208069 0.422796817882 0.414714974049
z 0.994482058488 0.00347813263454 0.00203980887735
z 0.947526475318 0.0309436944108 0.0215298302715
z 0.065325279284 0.0831945872463 0.85148013347
