1 0.410954741769 0.385603703394 0.203441554837
1 0.381752329812 0.473422799937 0.144824870252
1 0.418861928081 0.370686964714 0.210451107205
1 0.457544828685 0.309695874689 0.232759296626
1 0.377164677167 0.384160603998 0.238674718836
1 0.47524968483 0.323249485091 0.201500830079
1 0.434114629881 0.374444026849 0.19144134327
1 0.441626919953 0.325261488001 0.233111592047
1 0.43510847577 0.280200016744 0.284691507486
1 0.321355715805 0.408751452323 0.269892831872
1 0.400603823271 0.407709794852 0.191686381878
1 0.422982401212 0.355224842782 0.221792756005
1 0.420880050575 0.326267830211 0.252852119214
1 0.27733894007 0.361320602459 0.361340457471
1 0.338068350644 0.264847205646 0.397084443709
1 0.42200794499 0.379039706915 0.198952348095
1 0.416086278644 0.375245310906 0.20866841045
5 0.182772431459 0.442686785193 0.374540783349
5 0.195425064878 0.458399584707 0.346175350415
5 0.286256771399 0.431387362204 0.282355866396
5 0.22428466408 0.361699064417 0.414016271503
5 0.176687148023 0.447585008372 0.375727843605
5 0.228154471606 0.39143111392 0.380414414474
5 0.166020765397 0.507123436324 0.326855798279
5 0.254136985198 0.387306393146 0.358556621656
5 0.255252509687 0.452556427161 0.292191063152
5 0.188648217915 0.410501903594 0.400849878491
5 0.222239848376 0.538413056333 0.239347095291
5 0.139158582251 0.442570727512 0.418270690237
5 0.203188612792 0.411762957728 0.38504842948
5 0.184556678803 0.426928773466 0.388514547731
5 0.233957234404 0.380252574553 0.385790191043
5 0.175379310379 0.306023447688 0.518597241933
5 0.209119569641 0.515304456858 0.275575973501
z 0.383330031992 0.256094107841 0.360575860167
z 0.439650438693 0.278285165335 0.282064395972
z 0.387831705435 0.273513321993 0.338654972573
z 0.352648665633 0.216509133983 0.430842200385
z 0.513116877961 0.212956718362 0.273926403678
z 0.334246482611 0.225723274888 0.440030242502
z 0.413896778459 0.192471652472 0.393631569069
z 0.537996777467 0.191421367653 0.27058185488
z 0.462486143289 0.23227441514 0.305239441571
z 0.471693523196 0.241155291606 0.287151185198
z 0.47505076697 0.18801006677 0.33693916626
z 0.35436384947 0.33031102486 0.315325125671
z 0.394600888102 0.246867900298 0.3585312116
z 0.381816863081 0.241658344 0.376524792919
z 0.542842005487 0.212110407939 0.245047586574
z 0.502382396262 0.249369138026 0.248248465711
z 0.286768686403 0.24681986136 0.466411452238
