1 0.433193043881 0.381042364009 0.18576459211
1 0.359760775796 0.546696546674 0.0935426775307
1 0.530034455403 0.310027815703 0.159937728894
1 0.471790403593 0.332145985759 0.196063610648
1 0.384333114951 0.447524699703 0.168142185345
1 0.513997458755 0.303383867858 0.182618673387
1 0.415733413136 0.429625961319 0.154640625545
1 0.468889704283 0.31378094282 0.217329352897
1 0.420067800498 0.360443185871 0.21948901363
1 0.399715654305 0.407669617017 0.192614728678
1 0.445704937987 0.391021124877 0.163273937135
1 0.43684020033 0.371137237571 0.192022562099
1 0.460164911005 0.321452101211 0.218382987784
1 0.185518431226 0.507686804827 0.306794763948
1 0.318042410441 0.301485805839 0.38047178372
1 0.473157610862 0.39636795833 0.130474430807
1 0.436481881536 0.363634720026 0.199883398439
5 0.162709954449 0.480918216382 0.356371829169
5 0.228479204639 0.435961832826 0.335558962535
5 0.31282723376 0.441000822999 0.246171943241
5 0.199959873576 0.384266952292 0.415773174132
5 0.150046640295 0.520859864663 0.329093495042
5 0.257316430801 0.418600120651 0.324083448548
5 0.24226054707 0.495101060261 0.262638392669
5 0.264108020441 0.42832342341 0.307568556149
5 0.26355125095 0.540998761123 0.195449987927
5 0.232757371713 0.376419357583 0.390823270705
5 0.211492287636 0.570833648825 0.21767406354
5 0.158214755659 0.484793512877 0.356991731464
5 0.225546222055 0.499159957152 0.275293820793
5 0.172306054446 0.417552317258 0.410141628296
5 0.218746579187 0.407129771385 0.374123649428
5 0.223419976968 0.365813274395 0.410766748637
5 0.211275820767 0.517452151712 0.271272027521
z 0.427847678802 0.224521482675 0.347630838523
z 0.371062204625 0.272825923399 0.356111871977
z 0.385555933191 0.281495134168 0.332948932641
z 0.386304482621 0.216556574867 0.397138942511
z 0.527698812194 0.183443577718 0.288857610088
z 0.279258718867 0.222588816824 0.498152464309
z 0.376297206131 0.179290422759 0.44441237111
z 0.500004138982 0.185007287453 0.314988573565
z 0.526902291125 0.182103838259 0.290993870616
z 0.512644799616 0.200675928151 0.286679272233
z 0.494506055094 0.160519051515 0.344974893391
z 0.361792958552 0.330496797383 0.307710244065
z 0.372550072828 0.235391259966 0.392058667206
z 0.296504492818 0.222338813298 0.481156693884
z 0.561356765881 0.160485110303 0.278158123816
z 0.491909912243 0.184036843454 0.324053244304
z 0.301059388886 0.232078071982 0.466862539132
