50
0 0.44 0.36 0.2
0 0.62 0.18 0.2
0 0.6 0.22 0.18
0 0.32 0.22 0.46
0 0.3 0.24 0.46
0 0.4 0.4 0.2
0 0.24 0.4 0.36
0 0.7 0.28 0.02
0 0.6 0.34 0.06
0 0.44 0.22 0.34
0 0.28 0.34 0.38
0 0.64 0.26 0.1
0 0.7 0.2 0.1
0 0.42 0.4 0.18
0 0.52 0.3 0.18
0 0.68 0.32 0.0
0 0.56 0.14 0.3
0 0.72 0.16 0.12
0 0.6 0.32 0.08
0 0.54 0.32 0.14
0 0.56 0.24 0.2
0 0.58 0.28 0.14
0 0.28 0.36 0.36
0 0.44 0.34 0.22
0 0.48 0.28 0.24
0 0.26 0.16 0.58
0 0.5 0.24 0.26
0 0.54 0.26 0.2
0 0.56 0.32 0.12
0 0.6 0.3 0.1
1 0.08 0.36 0.56
1 0.12 0.54 0.34
1 0.08 0.46 0.46
1 0.02 0.36 0.62
1 0.1 0.6 0.3
1 0.12 0.54 0.34
1 0.08 0.44 0.48
1 0.08 0.38 0.54
1 0.1 0.28 0.62
1 0.08 0.4 0.52
1 0.08 0.5 0.42
1 0.06 0.34 0.6
1 0.1 0.42 0.48
1 0.08 0.4 0.52
1 0.08 0.56 0.36
1 0.14 0.5 0.36
1 0.26 0.44 0.3
1 0.12 0.34 0.54
1 0.14 0.52 0.34
1 0.06 0.38 0.56
1 0.1 0.58 0.32
1 0.1 0.58 0.32
1 0.08 0.38 0.54
1 0.08 0.28 0.64
1 0.06 0.42 0.52
1 0.04 0.3 0.66
1 0.08 0.42 0.5
1 0.06 0.26 0.68
1 0.08 0.34 0.58
1 0.06 0.34 0.6
2 0.06 0.28 0.66
2 0.04 0.24 0.72
2 0.02 0.24 0.74
2 0.04 0.26 0.7
2 0.12 0.22 0.66
2 0.06 0.2 0.74
2 0.06 0.28 0.66
2 0.04 0.26 0.7
2 0.22 0.28 0.5
2 0.02 0.18 0.8
2 0.1 0.28 0.62
2 0.12 0.22 0.66
2 0.06 0.26 0.68
2 0.06 0.24 0.7
2 0.04 0.24 0.72
2 0.06 0.26 0.68
2 0.04 0.26 0.7
2 0.08 0.24 0.68
2 0.04 0.24 0.72
2 0.06 0.3 0.64
2 0.28 0.18 0.54
2 0.1 0.24 0.66
2 0.04 0.26 0.7
2 0.04 0.28 0.68
2 0.08 0.2 0.72
2 0.04 0.24 0.72
2 0.06 0.3 0.64
2 0.06 0.24 0.7
2 0.08 0.3 0.62
2 0.06 0.26 0.68
