100
0 0.37 0.33 0.3
0 0.42 0.27 0.31
0 0.5 0.31 0.19
0 0.29 0.32 0.39
0 0.32 0.28 0.4
0 0.35 0.34 0.31
0 0.25 0.34 0.41
0 0.45 0.31 0.24
0 0.37 0.32 0.31
0 0.33 0.27 0.4
0 0.31 0.31 0.38
0 0.38 0.31 0.31
0 0.42 0.3 0.28
0 0.37 0.35 0.28
0 0.37 0.31 0.32
0 0.42 0.34 0.24
0 0.5 0.21 0.29
0 0.43 0.32 0.25
0 0.42 0.33 0.25
0 0.37 0.31 0.32
0 0.35 0.29 0.36
0 0.42 0.3 0.28
0 0.31 0.34 0.35
0 0.32 0.34 0.34
0 0.32 0.31 0.37
0 0.27 0.31 0.42
0 0.41 0.24 0.35
0 0.39 0.3 0.31
0 0.37 0.3 0.33
0 0.36 0.32 0.32
1 0.18 0.39 0.43
1 0.14 0.43 0.43
1 0.15 0.38 0.47
1 0.06 0.42 0.52
1 0.14 0.46 0.4
1 0.18 0.42 0.4
1 0.18 0.37 0.45
1 0.19 0.4 0.41
1 0.18 0.35 0.47
1 0.21 0.37 0.42
1 0.17 0.4 0.43
1 0.18 0.4 0.42
1 0.14 0.39 0.47
1 0.16 0.42 0.42
1 0.11 0.45 0.44
1 0.2 0.4 0.4
1 0.22 0.42 0.36
1 0.2 0.36 0.44
1 0.14 0.46 0.4
1 0.19 0.39 0.42
1 0.14 0.47 0.39
1 0.17 0.44 0.39
1 0.24 0.36 0.4
1 0.18 0.36 0.46
1 0.16 0.42 0.42
1 0.13 0.37 0.5
1 0.14 0.42 0.44
1 0.19 0.34 0.47
1 0.19 0.38 0.43
1 0.17 0.39 0.44
2 0.14 0.36 0.5
2 0.2 0.3 0.5
2 0.09 0.4 0.51
2 0.11 0.37 0.52
2 0.14 0.29 0.57
2 0.1 0.39 0.51
2 0.14 0.36 0.5
2 0.09 0.36 0.55
2 0.2 0.35 0.45
2 0.06 0.41 0.53
2 0.18 0.34 0.48
2 0.15 0.33 0.52
2 0.13 0.36 0.51
2 0.2 0.31 0.49
2 0.09 0.36 0.55
2 0.19 0.35 0.46
2 0.13 0.36 0.51
2 0.11 0.38 0.51
2 0.08 0.37 0.55
2 0.15 0.37 0.48
2 0.31 0.19 0.5
2 0.15 0.32 0.53
2 0.1 0.36 0.54
2 0.14 0.37 0.49
2 0.1 0.37 0.53
2 0.14 0.35 0.51
2 0.17 0.35 0.48
2 0.08 0.36 0.56
2 0.14 0.36 0.5
2 0.1 0.34 0.56
