40
0 0.525 0.3 0.175
0 0.65 0.175 0.175
0 0.625 0.275 0.1
0 0.325 0.2 0.475
0 0.325 0.2 0.475
0 0.45 0.375 0.175
0 0.25 0.35 0.4
0 0.725 0.25 0.025
0 0.625 0.35 0.025
0 0.5 0.2 0.3
0 0.325 0.35 0.325
0 0.675 0.25 0.075
0 0.775 0.175 0.05
0 0.45 0.4 0.15
0 0.575 0.35 0.075
0 0.725 0.275 0.0
0 0.55 0.175 0.275
0 0.75 0.125 0.125
0 0.575 0.35 0.075
0 0.575 0.275 0.15
0 0.6 0.225 0.175
0 0.7 0.25 0.05
0 0.275 0.35 0.375
0 0.525 0.3 0.175
0 0.575 0.225 0.2
0 0.25 0.125 0.625
0 0.5 0.225 0.275
0 0.525 0.275 0.2
0 0.6 0.35 0.05
0 0.675 0.225 0.1
1 0.075 0.375 0.55
1 0.15 0.575 0.275
1 0.075 0.5 0.425
1 0.025 0.35 0.625
1 0.125 0.65 0.225
1 0.1 0.625 0.275
1 0.1 0.425 0.475
1 0.05 0.425 0.525
1 0.025 0.275 0.7
1 0.05 0.45 0.5
1 0.075 0.575 0.35
1 0.05 0.325 0.625
1 0.075 0.425 0.5
1 0.075 0.425 0.5
1 0.075 0.6 0.325
1 0.125 0.6 0.275
1 0.225 0.45 0.325
1 0.125 0.35 0.525
1 0.175 0.45 0.375
1 0.075 0.4 0.525
1 0.075 0.65 0.275
1 0.1 0.6 0.3
1 0.05 0.375 0.575
1 0.075 0.225 0.7
1 0.05 0.45 0.5
1 0.05 0.225 0.725
1 0.075 0.45 0.475
1 0.025 0.2 0.775
1 0.05 0.375 0.575
1 0.075 0.275 0.65
2 0.05 0.175 0.775
2 0.05 0.1 0.85
2 0.0 0.2 0.8
2 0.05 0.175 0.775
2 0.1 0.15 0.75
2 0.025 0.175 0.8
2 0.075 0.175 0.75
2 0.05 0.175 0.775
2 0.25 0.225 0.525
2 0.025 0.2 0.775
2 0.125 0.2 0.675
2 0.1 0.225 0.675
2 0.05 0.175 0.775
2 0.05 0.175 0.775
2 0.05 0.225 0.725
2 0.075 0.25 0.675
2 0.05 0.125 0.825
2 0.075 0.225 0.7
2 0.05 0.2 0.75
2 0.075 0.25 0.675
2 0.25 0.15 0.6
2 0.125 0.225 0.65
2 0.05 0.2 0.75
2 0.05 0.275 0.675
2 0.075 0.175 0.75
2 0.05 0.225 0.725
2 0.075 0.225 0.7
2 0.075 0.25 0.675
2 0.1 0.25 0.65
2 0.075 0.25 0.675
