120
0 0.366666666667 0.3 0.333333333333
0 0.375 0.3 0.325
0 0.441666666667 0.3 0.258333333333
0 0.291666666667 0.325 0.383333333333
0 0.283333333333 0.333333333333 0.383333333333
0 0.316666666667 0.333333333333 0.35
0 0.275 0.341666666667 0.383333333333
0 0.391666666667 0.308333333333 0.3
0 0.341666666667 0.358333333333 0.3
0 0.316666666667 0.308333333333 0.375
0 0.3 0.35 0.35
0 0.375 0.3 0.325
0 0.383333333333 0.308333333333 0.308333333333
0 0.35 0.341666666667 0.308333333333
0 0.341666666667 0.333333333333 0.325
0 0.391666666667 0.316666666667 0.291666666667
0 0.458333333333 0.225 0.316666666667
0 0.383333333333 0.316666666667 0.3
0 0.366666666667 0.308333333333 0.325
0 0.341666666667 0.316666666667 0.341666666667
0 0.341666666667 0.3 0.358333333333
0 0.366666666667 0.316666666667 0.316666666667
0 0.3 0.358333333333 0.341666666667
0 0.291666666667 0.341666666667 0.366666666667
0 0.316666666667 0.308333333333 0.375
0 0.275 0.341666666667 0.383333333333
0 0.375 0.258333333333 0.366666666667
0 0.333333333333 0.3 0.366666666667
0 0.35 0.316666666667 0.333333333333
0 0.358333333333 0.308333333333 0.333333333333
1 0.225 0.341666666667 0.433333333333
1 0.183333333333 0.425 0.391666666667
1 0.191666666667 0.375 0.433333333333
1 0.0916666666667 0.425 0.483333333333
1 0.191666666667 0.416666666667 0.391666666667
1 0.191666666667 0.391666666667 0.416666666667
1 0.233333333333 0.35 0.416666666667
1 0.216666666667 0.383333333333 0.4
1 0.225 0.35 0.425
1 0.233333333333 0.358333333333 0.408333333333
1 0.216666666667 0.375 0.408333333333
1 0.2 0.391666666667 0.408333333333
1 0.141666666667 0.416666666667 0.441666666667
1 0.183333333333 0.4 0.416666666667
1 0.158333333333 0.458333333333 0.383333333333
1 0.208333333333 0.366666666667 0.425
1 0.2 0.425 0.375
1 0.216666666667 0.383333333333 0.4
1 0.183333333333 0.408333333333 0.408333333333
1 0.216666666667 0.4 0.383333333333
1 0.175 0.441666666667 0.383333333333
1 0.208333333333 0.425 0.366666666667
1 0.225 0.383333333333 0.391666666667
1 0.216666666667 0.333333333333 0.45
1 0.183333333333 0.391666666667 0.425
1 0.15 0.375 0.475
1 0.175 0.391666666667 0.433333333333
1 0.2 0.333333333333 0.466666666667
1 0.208333333333 0.383333333333 0.408333333333
1 0.208333333333 0.375 0.416666666667
2 0.175 0.341666666667 0.483333333333
2 0.2 0.316666666667 0.483333333333
2 0.133333333333 0.391666666667 0.475
2 0.175 0.333333333333 0.491666666667
2 0.15 0.333333333333 0.516666666667
2 0.15 0.35 0.5
2 0.183333333333 0.35 0.466666666667
2 0.15 0.35 0.5
2 0.2 0.341666666667 0.458333333333
2 0.1 0.441666666667 0.458333333333
2 0.225 0.341666666667 0.433333333333
2 0.2 0.325 0.475
2 0.166666666667 0.358333333333 0.475
2 0.208333333333 0.316666666667 0.475
2 0.15 0.333333333333 0.516666666667
2 0.2 0.358333333333 0.441666666667
2 0.166666666667 0.341666666667 0.491666666667
2 0.183333333333 0.35 0.466666666667
2 0.15 0.35 0.5
2 0.2 0.35 0.45
2 0.308333333333 0.225 0.466666666667
2 0.183333333333 0.35 0.466666666667
2 0.158333333333 0.35 0.491666666667
2 0.158333333333 0.375 0.466666666667
2 0.158333333333 0.366666666667 0.475
2 0.175 0.35 0.475
2 0.225 0.325 0.45
2 0.108333333333 0.375 0.516666666667
2 0.183333333333 0.35 0.466666666667
2 0.125 0.375 0.5
