80
0 0.375 0.375 0.25
0 0.4625 0.2125 0.325
0 0.5625 0.2875 0.15
0 0.3125 0.275 0.4125
0 0.3125 0.275 0.4125
0 0.3625 0.35 0.2875
0 0.25 0.3375 0.4125
0 0.5375 0.3375 0.125
0 0.4375 0.35 0.2125
0 0.375 0.2625 0.3625
0 0.3 0.3375 0.3625
0 0.45 0.3125 0.2375
0 0.475 0.2875 0.2375
0 0.3875 0.375 0.2375
0 0.375 0.3125 0.3125
0 0.4875 0.375 0.1375
0 0.5625 0.1625 0.275
0 0.5375 0.2375 0.225
0 0.475 0.3375 0.1875
0 0.425 0.3 0.275
0 0.4375 0.2375 0.325
0 0.45 0.3 0.25
0 0.275 0.3375 0.3875
0 0.35 0.35 0.3
0 0.3875 0.2875 0.325
0 0.275 0.2875 0.4375
0 0.45 0.225 0.325
0 0.4125 0.3 0.2875
0 0.4 0.3 0.3
0 0.4375 0.3 0.2625
1 0.1375 0.3875 0.475
1 0.1375 0.4375 0.425
1 0.0875 0.45 0.4625
1 0.0625 0.425 0.5125
1 0.15 0.475 0.375
1 0.125 0.45 0.425
1 0.1375 0.375 0.4875
1 0.1625 0.3875 0.45
1 0.1125 0.375 0.5125
1 0.1625 0.35 0.4875
1 0.175 0.425 0.4
1 0.15 0.3625 0.4875
1 0.1375 0.4 0.4625
1 0.125 0.4 0.475
1 0.075 0.475 0.45
1 0.175 0.4375 0.3875
1 0.2375 0.4375 0.325
1 0.175 0.3375 0.4875
1 0.15 0.4875 0.3625
1 0.1125 0.375 0.5125
1 0.125 0.525 0.35
1 0.15 0.4625 0.3875
1 0.1375 0.3875 0.475
1 0.1125 0.375 0.5125
1 0.125 0.4 0.475
1 0.075 0.375 0.55
1 0.1375 0.4 0.4625
1 0.1125 0.3625 0.525
1 0.1375 0.375 0.4875
1 0.1125 0.4 0.4875
2 0.075 0.375 0.55
2 0.1375 0.3125 0.55
2 0.05 0.375 0.575
2 0.075 0.35 0.575
2 0.125 0.2375 0.6375
2 0.0625 0.3625 0.575
2 0.0875 0.375 0.5375
2 0.0625 0.35 0.5875
2 0.225 0.3125 0.4625
2 0.025 0.375 0.6
2 0.1375 0.35 0.5125
2 0.125 0.3 0.575
2 0.0625 0.375 0.5625
2 0.125 0.3375 0.5375
2 0.075 0.35 0.575
2 0.1125 0.375 0.5125
2 0.0625 0.3375 0.6
2 0.0875 0.3875 0.525
2 0.0625 0.3375 0.6
2 0.1 0.375 0.525
2 0.2625 0.2 0.5375
2 0.1125 0.3 0.5875
2 0.0625 0.375 0.5625
2 0.075 0.3625 0.5625
2 0.075 0.35 0.575
2 0.075 0.3625 0.5625
2 0.125 0.35 0.525
2 0.0625 0.325 0.6125
2 0.1 0.375 0.525
2 0.0625 0.325 0.6125
