1 0.0709706815488 0.271909023908 0.657120294543
1 0.649458456319 0.12822142021 0.22232012347
1 0.930883326907 0.0537494795587 0.0153671935346
1 0.659412528932 0.136477496538 0.20410997453
1 0.161305541539 0.0168913236377 0.821803134824
1 0.656783999313 0.169761516786 0.1734544839
1 0.0506514610232 0.00010307154899 0.949245467428
1 0.675912657621 0.104004497981 0.220082844397
1 0.651507566588 0.144517146924 0.203975286488
1 0.522552286008 0.101298869596 0.376148844396
1 0.673536864241 0.116879411901 0.209583723858
1 0.675070906369 0.130901916865 0.194027176766
1 0.979322559438 0.0187963307921 0.00188110977021
1 0.633606479256 0.173658014773 0.192735505971
1 0.78447134096 0.0493091185145 0.166219540525
1 0.6654299673 0.110398153745 0.224171878955
1 0.66452844357 0.123947543003 0.211524013428
5 0.667049804856 0.10625318306 0.226697012084
5 0.649883000453 0.0895441603165 0.26057283923
5 0.5618897293 0.3934311496 0.0446791211005
5 0.159303583017 0.507406460838 0.333289956145
5 0.66550802483 0.101449452319 0.233042522851
5 0.693867153065 0.0449787795802 0.261154067355
5 0.0391128382994 0.954465024205 0.0064221374957
5 0.631963305715 0.112526757178 0.255509937106
5 0.289776987017 0.157828879466 0.552394133517
5 0.488358525486 0.442769488684 0.0688719858306
5 0.251853700458 0.732050651759 0.0160956477837
5 0.00756895611718 0.992329852847 0.00010119103613
5 0.00265879601989 0.966394314114 0.0309468898664
5 0.664812131635 0.0523836607405 0.282804207625
5 0.645674328751 0.0894988513594 0.264826819889
5 0.297939763841 0.0892098214131 0.612850414746
5 0.154411547552 0.844058828076 0.00152962437195
z 0.454528735287 0.117446283591 0.428024981122
z 0.0763205491348 0.0811210956473 0.842558355218
z 0.257063696908 0.150298550604 0.592637752488
z 0.238978486155 0.00854266308907 0.752478850756
z 0.0402871757517 8.09902717024e-09 0.959712816149
z 0.507162790021 0.0625159387959 0.430321271183
z 0.160437831432 0.00449968437454 0.835062484194
z 0.579542593478 0.0552594552261 0.365197951296
z 0.0517644236257 2.26328056453e-09 0.948235574111
z 0.113016999798 0.00335361317523 0.883629387027
z 0.50910702989 0.0948795671384 0.396013402972
z 0.416479072484 0.0485374818451 0.534983445671
z 0.176400759115 0.0236427773726 0.799956463513
z 0.100352626071 0.0865991795647 0.813048194364
z 0.576038505076 2.87210195096e-05 0.423932773904
z 0.114294324508 0.00239426704169 0.883311408451
z 0.39420301649 0.0850905792753 0.520706404234
