1 0.20538134826 0.246403092542 0.548215559198
1 0.533694911485 0.206932823215 0.259372265301
1 0.958042854556 0.0149961249766 0.0269610204673
1 0.55304266321 0.187838950678 0.259118386112
1 0.189887393575 0.0451473092257 0.764965297199
1 0.526258907498 0.261115503512 0.21262558899
1 0.109942217443 0.041739786827 0.84831799573
1 0.547083327525 0.191506427144 0.261410245331
1 0.552729073491 0.187009280379 0.26026164613
1 0.483060231087 0.192375995146 0.324563773767
1 0.541853287708 0.207193953363 0.250952758929
1 0.529178751488 0.246397435635 0.224423812877
1 0.547934264727 0.00242190636232 0.449643828911
1 0.524215454634 0.237879227557 0.237905317809
1 0.60334899461 0.0415166938809 0.355134311509
1 0.548982525234 0.184298336414 0.266719138352
1 0.542874943099 0.201383057751 0.25574199915
5 0.521866255137 0.235335403491 0.242798341372
5 0.513641705037 0.225508029396 0.260850265567
5 0.0624397422901 0.926766126975 0.010794130735
5 0.00428395605346 0.995331817404 0.000384226542059
5 0.540022418361 0.193779459982 0.266198121656
5 0.536358421896 0.190919568849 0.272722009255
5 0.00141158434436 0.998558214889 3.02007670645e-05
5 0.523017444707 0.202703742746 0.274278812547
5 0.382746182238 0.212846753227 0.404407064535
5 0.614614635789 0.186747073324 0.198638290887
5 0.00356176500542 0.996108756628 0.000329478366275
5 0.0091326409333 0.990643277404 0.000224081662628
5 1.45893648794e-06 0.999998540486 5.77275891455e-10
5 0.509918680618 0.226347344987 0.263733974395
5 0.515889816446 0.21629070532 0.267819478234
5 0.389280684061 0.178846982496 0.431872333443
5 8.31792385791e-07 0.995927007704 0.0040721605033
z 0.461708063584 0.196191861382 0.342100075033
z 0.000264195965403 0.0746967492967 0.925039054738
z 0.359080330976 0.225181254669 0.415738414355
z 0.303283180654 0.0205995089768 0.676117310369
z 0.00034975211289 0.0243265692461 0.975323678641
z 0.462045709263 0.201573501962 0.336380788775
z 0.173354931157 0.101884646363 0.72476042248
z 0.354730515954 0.088496084969 0.556773399077
z 6.32249943041e-06 0.00795785544552 0.992035822055
z 0.150389182121 0.068492589077 0.781118228802
z 0.46966102144 0.200840588441 0.329498390119
z 0.26848749178 0.321534255254 0.409978252966
z 0.161196652139 0.0150056116414 0.823797736219
z 0.152443966451 0.151244511864 0.696311521685
z 0.397758225439 0.0171645240378 0.585077250523
z 0.162011454904 0.0814400843292 0.756548460767
z 0.42760607633 0.189057779079 0.383336144591
