1 0.8772869777 0.122711382148 1.64015242886e-06
1 0.9980399006 0.00196009653787 2.8619577445e-09
1 0.37164500308 0.310517469341 0.31783752758
1 0.969668863573 0.0303311361811 2.45633875681e-10
1 0.404463531383 0.595535811163 6.57453191908e-07
1 0.971693546429 0.0283064533605 2.10409611358e-10
1 0.771605602799 0.228394396807 3.93641271858e-10
1 0.972613580368 0.0273864193807 2.51718901861e-10
1 0.969127185288 0.0308728144612 2.5082137693e-10
1 0.988440270368 0.011559729314 3.17695951438e-10
1 0.973178927979 0.0268210717807 2.4082061657e-10
1 0.974379800828 0.0256201989512 2.20598838792e-10
1 0.999830224487 0.000169769255473 6.25758762218e-09
1 0.972337894344 0.0276621054215 2.34377046196e-10
1 0.999884235612 0.000115468095102 2.96293003706e-07
1 0.972071709879 0.0279282898612 2.60006110881e-10
1 0.973013996854 0.0269860029021 2.43467521927e-10
5 0.978349121884 0.0216508778755 2.40810961845e-10
5 0.00018250508938 0.000549923237615 0.999267571673
5 0.977319319053 0.022680680729 2.17647909278e-10
5 1.31942316754e-10 0.999943724548 5.62753197817e-05
5 0.902234307638 0.0977656923386 2.37466503141e-11
5 0.999429925449 0.000551554771739 1.85197794969e-05
5 2.7965434591e-26 0.999970281237 2.97187630472e-05
5 0.890764886835 0.104342720858 0.00489239230683
5 3.22189876621e-07 2.53273747697e-05 0.999974350435
5 2.60925730603e-09 0.999999997391 2.55076249942e-14
5 0.000175790520825 0.999784344665 3.98648141063e-05
5 1.78645303216e-08 4.79214232615e-05 0.999952060712
5 6.1822323422e-35 1.0 1.49443414491e-17
5 0.000521450766515 0.978342917217 0.0211356320161
5 0.981647567759 0.0183524319792 2.61811799244e-10
5 0.00016953856079 6.11164149207e-05 0.999769345024
5 1.35340672092e-06 0.00556929664942 0.994429349944
z 2.78403230498e-20 2.337122422e-12 0.999999999998
z 1.48739809278e-18 4.39360843426e-10 0.999999999561
z 1.66618770782e-11 1.91320634223e-08 0.999999980851
z 1.00872851264e-21 3.50609984688e-13 1.0
z 5.41632073995e-19 5.0234658291e-12 0.999999999995
z 1.56397360203e-18 8.08751982222e-12 0.999999999992
z 2.31789531843e-16 6.12832300251e-12 0.999999999994
z 4.39922670884e-25 3.65200612192e-15 1.0
z 2.14259577518e-19 1.4195447192e-11 0.999999999986
z 7.43586638195e-19 5.41200281223e-12 0.999999999995
z 6.03292550988e-18 3.93234569782e-11 0.999999999961
z 2.63837654572e-09 7.02232472396e-07 0.999999295129
z 1.71121742703e-06 4.45222828401e-06 0.999993836554
z 9.94619644672e-14 7.11613920875e-09 0.999999992884
z 1.14339922542e-13 5.31252888236e-09 0.999999994687
z 6.77442399154e-23 1.81497763956e-15 1.0
z 2.49351401465e-14 1.39233464446e-08 0.999999986077
