1 0.946047991049 0.0539519919714 1.69794806202e-08
1 0.811792614803 0.188207385197 5.83269298401e-14
1 0.74810345324 0.182151839424 0.0697447073359
1 0.959113539602 0.0408864603979 1.55136240932e-14
1 0.168079418492 0.831920581504 3.5830043614e-12
1 0.936952253596 0.0630477464039 1.22841987195e-14
1 0.140867945399 0.859132054601 1.79725119351e-14
1 0.962167849253 0.0378321507471 1.47859883021e-14
1 0.956317824281 0.0436821757187 1.64046200521e-14
1 0.944722724937 0.055277275063 2.06637969545e-14
1 0.955148950847 0.0448510491529 1.43101855775e-14
1 0.945973507706 0.0540264922939 1.20672724698e-14
1 0.998145343552 0.00185465644821 1.62455704389e-14
1 0.935396351147 0.0646036488532 1.52822364352e-14
1 0.824190159299 0.17580953171 3.08990797623e-07
1 0.962144201524 0.0378557984757 1.55989912177e-14
1 0.955878337969 0.0441216620307 1.45686853334e-14
5 0.947298978296 0.0527010217041 1.32084375865e-14
5 9.49900467725e-05 0.479391017348 0.520513992606
5 0.946345376009 0.0536546239914 1.0389414189e-14
5 2.68080488769e-08 0.99933738946 0.000662583731733
5 0.959674089468 0.0403259105323 7.37145311229e-15
5 0.446777547827 0.553222435981 1.61912482244e-08
5 4.66255073365e-29 0.999999937556 6.24436826294e-08
5 0.321409994171 0.678589746803 2.59025771805e-07
5 2.89816289827e-14 0.0432518411824 0.956748158818
5 2.15201352976e-05 0.999978479865 6.76946817408e-17
5 1.0874206428e-06 0.999998848433 6.41462240837e-08
5 1.66270524042e-15 0.637608335304 0.362391664696
5 1.89197364759e-12 0.999999999998 9.90158254913e-14
5 6.06513813878e-05 0.991965330841 0.00797401777726
5 0.951419346265 0.0485806537346 1.45638948075e-14
5 5.9847184692e-05 0.385422071733 0.614518081082
5 1.58627670334e-10 0.84818033309 0.151819666751
z 2.06588633449e-22 0.0594683739945 0.940531626005
z 2.032306887e-22 3.65831920084e-13 1.0
z 1.79307714392e-16 0.0243279489727 0.975672051027
z 1.31268193091e-23 0.0538754271071 0.946124572893
z 3.97529125559e-21 0.0504694320497 0.94953056795
z 5.77697574498e-20 0.0199182437768 0.980081756223
z 1.26667537113e-20 6.22208608897e-06 0.999993777914
z 3.45334146586e-24 0.0463887095502 0.95361129045
z 2.67123145883e-24 3.59127832282e-06 0.999996408722
z 1.64708542292e-26 2.89275099887e-06 0.999997107249
z 2.34423224282e-20 0.0634410983579 0.936558901642
z 1.89367735121e-17 0.253998318459 0.746001681541
z 5.33976826955e-14 0.0102568471624 0.989743152838
z 6.61985777027e-28 0.463564721026 0.536435278974
z 4.49884883809e-18 0.0345962804441 0.965403719556
z 3.89835784311e-23 1.89896605161e-06 0.999998101034
z 8.45564469607e-05 0.000206648604212 0.999708794949
