1 0.873591984369 0.125601302077 0.000806713554009
1 0.92775711636 0.0710560725034 0.00118681113689
1 0.512140905922 0.328684812631 0.159174281447
1 0.976594956929 0.0219003311811 0.00150471189021
1 0.57320351783 0.38739347445 0.0394030077204
1 0.970889473722 0.0277393725079 0.00137115376968
1 0.828698205973 0.169263412596 0.00203838143058
1 0.981453142553 0.0174811654157 0.00106569203122
1 0.973333999987 0.0250886952187 0.00157730479425
1 0.988615587716 0.0113260505848 5.83616991724e-05
1 0.979145952402 0.0198037522345 0.00105029536382
1 0.978190080835 0.0208303937903 0.000979525374894
1 0.995591680571 0.00437382175999 3.44976692531e-05
1 0.967582340065 0.0312903762693 0.00112728366577
1 0.979767495943 0.0202027141186 2.97899380265e-05
1 0.980095112805 0.0187904495933 0.00111443760197
1 0.979095177299 0.0198435407573 0.00106128194361
5 0.981990481125 0.0174636514639 0.000545867410871
5 0.215406242635 0.48223155935 0.302362198015
5 0.982805716475 0.0165221496763 0.000672133848488
5 6.97378314042e-09 0.994310332296 0.00568966073047
5 0.876112962511 0.123272143116 0.000614894373056
5 0.154743788227 0.844606176777 0.000650034996124
5 5.63126893438e-18 0.999999999748 2.52300818133e-10
5 0.900065144877 0.0930061857209 0.00692866940245
5 0.00910151891952 0.871610287805 0.119288193275
5 0.00887940655506 0.991020160756 0.000100432689417
5 0.000289516142694 0.938943084609 0.0607673992479
5 1.08347628497e-05 0.00880221438004 0.991186950857
5 2.60580053726e-24 0.999999919684 8.03158036919e-08
5 0.00854093675308 0.991156367303 0.000302695943555
5 0.985981125938 0.013715910804 0.000302963258444
5 0.797932099543 0.201064270418 0.00100363003855
5 1.27854259309e-05 0.0203799422354 0.979607272339
z 7.40040371763e-12 0.000583954892424 0.9994160451
z 5.7335821839e-13 7.08838121944e-05 0.999929116187
z 0.00060023484595 0.720440916454 0.2789588487
z 8.32415731328e-13 0.00104739904613 0.998952600953
z 2.21858944904e-11 0.000163718338089 0.99983628164
z 1.55273391644e-10 0.000434013600065 0.999565986245
z 1.93541155555e-06 0.0322547257892 0.967743338799
z 6.74858811922e-15 4.09179454041e-05 0.999959082055
z 1.69802697979e-11 0.00017142388019 0.999828576103
z 2.02950184891e-09 0.00635333061494 0.993646667356
z 7.24087195828e-11 0.000397189449204 0.999602810478
z 0.00084604117444 0.183481145484 0.815672813342
z 0.00905428384912 0.429206346643 0.561739369508
z 3.45382892507e-06 0.144031211032 0.855965335139
z 2.0600112755e-07 0.00556930303967 0.994430490959
z 1.8197968987e-11 0.000211282958365 0.999788717023
z 1.44588561223e-08 0.00603815953737 0.993961826004
