0 0.876556050889 0.122658029184 0.000785919927316
0 0.962544601726 0.0318131590523 0.00564223922172
0 0.459328911606 0.393297957251 0.147373131143
0 0.967243576445 0.031191039447 0.00156538410784
0 0.385377519458 0.587351526985 0.0272709535567
0 0.970410102452 0.0282512776305 0.00133861991721
0 0.7690095973 0.229087266448 0.00190313625177
0 0.970597378965 0.0282623893465 0.00114023168799
0 0.966806449943 0.0315949972524 0.00159855280501
0 0.988267925799 0.0116750424157 5.70317856414e-05
0 0.971440994696 0.0274688157758 0.00109018952835
0 0.973029442424 0.0259729005339 0.000997657042264
0 0.99984059902 0.000153032566334 6.36841389417e-06
0 0.971953483594 0.0269857328435 0.00106078356223
0 0.997915837575 0.00207895948208 5.20294281539e-06
0 0.969973628242 0.0288482185301 0.00117815322819
0 0.971237881681 0.0276598385499 0.001102279769
1 0.977424066905 0.0220182310793 0.000557702015551
1 0.180269897022 0.555437736258 0.26429236672
1 0.976262276266 0.0230351313074 0.000702592426307
1 7.20680971754e-10 0.99698007646 0.00301992281935
1 0.895157084558 0.10444891412 0.000394001322118
1 0.103084659157 0.896545265972 0.000370074870648
1 1.04175921379e-26 0.999999992669 7.33065343883e-09
1 0.887388638347 0.105761128318 0.00685023333449
1 0.0113815838846 0.851753008125 0.136865407991
1 2.8590184073e-08 0.999697403285 0.000302568124392
1 0.00273216671314 0.980237538635 0.0170302946519
1 8.40072426943e-06 0.0233072020523 0.976684397223
1 2.23201417483e-33 0.999999890878 1.09121719817e-07
1 0.00351419707445 0.995962235299 0.000523567626451
1 0.980895990877 0.0187888993448 0.000315109778313
1 0.727800818948 0.271219053324 0.000980127727071
1 1.09607301259e-05 0.0468459982626 0.953143041007
2 7.80659958156e-12 0.00065012219284 0.999349877799
2 5.86809124107e-13 0.000174501898231 0.999825498101
2 0.000627950629007 0.716949015569 0.282423033802
2 1.47183213667e-13 0.0013971824953 0.998602817505
2 2.17957713389e-11 0.000206150448677 0.99979384953
2 1.39265146503e-10 0.000743946704269 0.999256053156
2 1.99298962285e-06 0.0518772511011 0.948120755909
2 6.64735698176e-15 5.63315891422e-05 0.999943668411
2 1.29026624655e-11 0.000886539473286 0.999113460514
2 1.97547316111e-09 0.0147449532552 0.985255044769
2 7.20128376213e-11 0.000477867753818 0.999522132174
2 0.000795539219267 0.214297389846 0.784907070934
2 0.0234123889652 0.0570578577513 0.919529753283
2 3.01061518738e-06 0.222180872402 0.777816116983
2 1.87027182909e-07 0.0089713918907 0.991028421082
2 1.75445195162e-11 0.00048271512801 0.999517284854
2 1.39023019211e-08 0.00798082605026 0.992019160047
