1 0.00392874181839 6.61088597709e-23 0.996071258182
1 0.983825296087 5.48159060167e-20 0.0161747039135
1 0.751643884248 1.07729531147e-17 0.248356115752
1 0.997403005113 1.70469845379e-21 0.00259699488744
1 0.999664683117 7.26549221923e-29 0.000335316882528
1 0.999956807516 2.18507426709e-14 4.31924837025e-05
1 0.984474145699 1.23535059876e-20 0.0155258543006
1 0.999999998909 4.19462869676e-20 1.09075216776e-09
1 0.602022288924 1.27577734675e-19 0.397977711076
1 0.999999999837 6.70450465711e-28 1.6296260125e-10
1 0.993255099905 2.10673017396e-20 0.00674490009478
1 0.999742439917 8.77075466915e-15 0.00025756008321
1 0.999979426787 5.5311518761e-19 2.05732130653e-05
1 0.99309512876 2.52111845153e-18 0.00690487124016
1 0.999785931693 3.57121098894e-19 0.000214068306744
1 0.998618220225 1.0190805193e-21 0.00138177977542
1 0.997982952855 2.35297981575e-20 0.00201704714467
5 0.704620839918 4.34642500131e-10 0.295379159647
5 1.4605496046e-05 1.2423898631e-17 0.999985394504
5 0.931528551119 0.000156457272796 0.0683149916078
5 0.000109848487272 1.77380460845e-11 0.999890151495
5 3.48404019307e-05 3.43925951984e-14 0.999965159598
5 0.0166574149123 6.07326751567e-14 0.983342585088
5 1.74928814357e-13 1.01426784782e-09 0.999999998986
5 0.0295923590814 1.64909414845e-16 0.970407640919
5 0.620342244413 6.44803090378e-23 0.379657755587
5 1.34838109736e-14 0.00616857395882 0.993831426041
5 9.36768280721e-09 4.03418016019e-13 0.999999990632
5 6.47847573151e-21 2.252039765e-11 0.999999999977
5 1.59856538889e-12 1.87687078657e-05 0.999981231291
5 1.20569279599e-08 0.000426231618989 0.999573756324
5 0.994157272957 4.01892160337e-15 0.005842727043
5 1.41127560224e-07 4.8165380202e-23 0.999999858872
5 0.000128750642081 1.28053050239e-13 0.999871249358
z 2.890251086e-24 6.73019075898e-40 1.0
z 4.09592975883e-27 7.25241249813e-31 1.0
z 1.45958731414e-17 1.08023179554e-29 1.0
z 3.29441527975e-18 5.56838092225e-33 1.0
z 7.4059932968e-21 3.63645853564e-33 1.0
z 8.72717613439e-17 9.90171095109e-26 1.0
z 1.10913504415e-15 5.6218363919e-29 1.0
z 5.2073280762e-29 8.12531237868e-41 1.0
z 5.3660774934e-27 4.55486168059e-34 1.0
z 2.86015799881e-22 1.78729985131e-33 1.0
z 9.58969937615e-21 2.99027130327e-29 1.0
z 1.00724505016e-12 2.56361977035e-25 0.999999999999
z 4.35229524822e-06 1.593855576e-29 0.999995647705
z 3.85522185385e-18 5.43013890069e-42 1.0
z 2.64037799382e-12 3.27218801328e-23 0.999999999997
z 1.27678096156e-24 5.62910971446e-37 1.0
z 7.91320847243e-18 1.71764615199e-37 1.0
