0 0.000223516915116 5.62969496139e-08 0.999776426788
0 0.97744741651 0.000324763810929 0.0222278196789
0 0.954240053137 0.0457555820762 4.36478695715e-06
0 0.9951978674 8.24503600243e-05 0.00471968224019
0 0.988414019622 1.08682502398e-06 0.0115848935525
0 0.0344216383672 0.0355765365529 0.93000182508
0 1.82870840037e-06 2.51968401932e-11 0.999998171266
0 0.999995177099 6.97531671457e-08 4.75314795854e-06
0 0.481180830199 0.000939547754798 0.517879622046
0 0.999999883172 2.13860003673e-10 1.16613655643e-07
0 0.998518258458 0.000109599057329 0.00137214248433
0 0.962786296178 0.00213364537555 0.0350800584464
0 0.99890014947 0.00107396174644 2.58887839139e-05
0 0.971981696271 8.16787547021e-05 0.0279366249741
0 0.999890145771 6.10414531663e-08 0.000109793187456
0 0.999906302898 1.330471016e-05 8.03923917731e-05
0 0.833366551479 0.00179351124727 0.164839937274
1 0.0398033288181 0.957046204149 0.00315046703249
1 3.38290857656e-06 0.316391297758 0.683605319334
1 2.78618691725e-05 0.999945827884 2.63102471847e-05
1 1.08614969684e-11 0.999804704597 0.000195295391688
1 0.00230229912187 0.99745670912 0.000240991757939
1 0.000354183161202 0.014731035827 0.984914781012
1 3.56752697411e-13 0.95329169005 0.0467083099497
1 0.00364741606308 0.000381486784363 0.995971097153
1 1.87619970812e-10 0.999999999812 4.20045399706e-14
1 1.28126645232e-16 0.999989561481 1.0438518992e-05
1 1.60979017039e-09 0.998738002034 0.00126199635596
1 2.31805123727e-19 0.999008797313 0.000991202686551
1 2.18096371248e-17 0.98977759984 0.01022240016
1 5.20006832553e-14 0.708063563283 0.291936436717
1 0.115354493416 0.288187053748 0.596458452836
1 3.19359029248e-09 0.966650754562 0.0333492422444
1 7.77200648329e-11 0.9884596508 0.0115403491221
2 1.47836696487e-24 2.77598997414e-06 0.99999722401
2 8.86750816837e-34 6.53964962538e-08 0.999999934604
2 7.01678758142e-33 1.50903102528e-09 0.999999998491
2 1.08785267165e-18 0.00958047890252 0.990419521097
2 4.189890662e-22 1.95674335783e-08 0.999999980433
2 7.16333256955e-22 1.99066383094e-09 0.999999998009
2 4.80374945687e-18 3.30253206505e-05 0.999966974679
2 2.20192687193e-31 1.19861513564e-09 0.999999998801
2 9.0145556837e-31 1.14622984018e-08 0.999999988538
2 2.17335502985e-22 6.35416602355e-13 0.999999999999
2 5.54076232793e-23 0.965293341783 0.0347066582166
2 2.40798033521e-14 1.39430176044e-07 0.99999986057
2 2.04958274516e-11 2.88432365725e-14 0.999999999979
2 3.88103985443e-20 1.36137946671e-07 0.999999863862
2 1.21889474393e-15 3.44694704855e-05 0.99996553053
2 9.46617972064e-32 9.34031427829e-24 1.0
2 6.42364755013e-21 8.17929103647e-13 0.999999999999
