0 0.336685363893 5.69134223374e-23 0.663314636107
0 0.991270693423 1.44678944088e-19 0.00872930657686
0 0.793638752113 1.85339041284e-17 0.206361247887
0 0.993292512977 4.41257640559e-21 0.00670748702318
0 0.478487905308 1.3859756712e-25 0.521512094692
0 0.765271445493 2.40616941656e-16 0.234728554507
0 0.99997368119 4.33633576042e-23 2.63188099536e-05
0 0.999999999584 2.99009108219e-20 4.15931676962e-10
0 0.988795807564 3.15288338225e-21 0.0112041924363
0 0.999999993736 2.48359756262e-26 6.26429909966e-09
0 0.984118638454 3.49136465316e-20 0.015881361546
0 0.999604553756 5.4172061457e-15 0.000395446244269
0 0.931054446305 1.81437595652e-15 0.068945553695
0 0.996129520784 3.02936398066e-18 0.00387047921552
0 0.999999998965 3.92961300524e-24 1.03527116586e-09
0 0.808609161859 9.49311446291e-20 0.191390838141
0 0.99785912961 2.95902525136e-20 0.00214087039014
1 0.999742671528 9.77160016393e-11 0.000257328373925
1 6.54765164448e-06 9.67179263929e-19 0.999993452348
1 0.923258906042 4.04014063316e-05 0.0767006925515
1 0.589887103058 3.84516119392e-11 0.410112896904
1 0.880765432702 7.53599461921e-10 0.119234566544
1 0.313932221802 1.27984471262e-12 0.686067778197
1 9.74036991755e-08 1.07578030889e-10 0.999999902489
1 0.969222174899 1.42620724754e-15 0.0307778251006
1 0.0858414995007 9.7129446122e-26 0.914158500499
1 2.0780982585e-11 0.00437528522741 0.995624714752
1 0.000178740215481 1.43161483139e-08 0.999821245468
1 2.3218096012e-10 5.66496905544e-06 0.999994334799
1 9.71475688508e-07 0.00114809525573 0.998850933269
1 1.42786706043e-08 6.36604576353e-08 0.999999922061
1 0.998664881499 4.07931133918e-16 0.00133511850101
1 2.16561365752e-05 9.26029294705e-23 0.999978343863
1 0.000210376758759 1.00439262204e-14 0.999789623241
2 2.01450771119e-22 1.31315675255e-38 1.0
2 1.81998844751e-32 1.08844226769e-37 1.0
2 9.89302972496e-18 8.13233490007e-30 1.0
2 4.88000789283e-17 4.75796977454e-32 1.0
2 2.52746633623e-19 1.75281815665e-32 1.0
2 1.90878968118e-22 6.38838664599e-28 1.0
2 6.69156225799e-17 3.98672226494e-29 1.0
2 4.4170423536e-29 1.41708908944e-40 1.0
2 1.53624264636e-24 1.42479190463e-32 1.0
2 5.04256218094e-26 3.16454833519e-33 1.0
2 1.61947611035e-20 6.82347380537e-29 1.0
2 8.9656998275e-13 5.60257984557e-25 0.999999999999
2 0.000237524739486 3.10161560285e-29 0.999762475261
2 2.61809538126e-17 2.84221703516e-41 1.0
2 7.12770828303e-14 2.11642401752e-25 1.0
2 3.14231012336e-23 1.51522271121e-36 1.0
2 2.12164162883e-14 3.00197565377e-36 1.0
