0 0.344811527665 0.325546140158 0.329642332178
0 0.342693406243 0.330834551746 0.326472042011
0 0.331969748155 0.33532709069 0.332703161155
0 0.338934477156 0.330368320885 0.330697201959
0 0.337287881533 0.333130974063 0.329581144404
0 0.33990109526 0.330805351679 0.329293553061
0 0.338169176581 0.33217556533 0.329655258089
0 0.337007316279 0.332123452556 0.330869231165
0 0.341456926338 0.330110742464 0.328432331198
0 0.338525255154 0.331073740067 0.330401004779
0 0.330372014952 0.332358737221 0.337269247827
0 0.3343509049 0.331958552961 0.33369054214
0 0.343640549684 0.33378169796 0.322577752356
0 0.336455459327 0.335294918016 0.328249622657
0 0.335505024045 0.335003316526 0.329491659429
0 0.338172627115 0.33185578941 0.329971583475
0 0.338793490696 0.33282736617 0.328379143133
0 0.339790711805 0.331726411149 0.328482877046
0 0.337833129731 0.334067872636 0.328098997633
0 0.340957227026 0.330295252718 0.328747520256
0 0.343844292853 0.333143015166 0.323012691981
0 0.334636773903 0.33527575822 0.330087467876
0 0.337673842301 0.333215495651 0.329110662048
0 0.340075283679 0.33309081801 0.326833898311
0 0.339904731324 0.329943157468 0.330152111209
0 0.337119599727 0.332523940779 0.330356459494
0 0.343702354268 0.330251074407 0.326046571325
0 0.334884014711 0.333530739189 0.3315852461
0 0.346279510792 0.325685111815 0.328035377393
0 0.337597111162 0.332261885851 0.330141002987
0 0.336743235873 0.335424449013 0.327832315114
0 0.340663149274 0.332140397321 0.327196453405
0 0.337555373764 0.330067250052 0.332377376183
0 0.339122896774 0.330761029493 0.330116073733
0 0.334444862938 0.333808874678 0.331746262384
0 0.338964952568 0.333718951741 0.32731609569
0 0.335067460322 0.333658979317 0.331273560361
0 0.339827109617 0.331546270738 0.328626619645
0 0.334943669163 0.333717478953 0.331338851884
0 0.341737315271 0.331233667857 0.327029016872
0 0.342984784103 0.328331186469 0.328684029427
0 0.33736466568 0.334469200447 0.328166133873
0 0.344453360854 0.326825138319 0.328721500828
0 0.336220370811 0.333781045446 0.329998583743
0 0.339632570446 0.331723586717 0.328643842837
0 0.34300730215 0.333760716493 0.323231981357
0 0.339943280147 0.330193725906 0.329862993947
0 0.336348071837 0.331659904664 0.331992023499
0 0.336325809286 0.333899974783 0.329774215931
1 0.328513674912 0.338266591141 0.333219733946
1 0.330993888259 0.339851731236 0.329154380504
1 0.333587723242 0.336684976147 0.329727300611
1 0.332008833056 0.337380594764 0.33061057218
1 0.326873225108 0.341915534166 0.331211240725
1 0.327017788909 0.338768685465 0.334213525626
1 0.327914661949 0.340532366147 0.331552971904
1 0.322083297028 0.341914682711 0.336002020262
1 0.328610958589 0.342733199517 0.328655841893
1 0.328833359002 0.33954774501 0.331618895989
1 0.327559531456 0.337879744567 0.334560723977
1 0.330133646748 0.335657611671 0.334208741581
1 0.32852496112 0.340867670583 0.330607368297
1 0.329098302936 0.336370305668 0.334531391396
1 0.328687836067 0.343165974796 0.328146189136
1 0.3265185401 0.337093036785 0.336388423114
1 0.328889183068 0.33532999978 0.335780817152
1 0.327124749577 0.340275242693 0.33260000773
1 0.327567171192 0.341908492456 0.330524336351
1 0.332613853704 0.337852290737 0.329533855559
1 0.331019345762 0.336871460096 0.332109194141
1 0.326977165006 0.339974470039 0.333048364955
1 0.326397962648 0.34000767797 0.333594359382
1 0.332597532955 0.338160731053 0.329241735992
1 0.332467704275 0.341242440787 0.326289854938
1 0.330379443283 0.340020852254 0.329599704464
1 0.329475025488 0.339606636552 0.33091833796
1 0.329152531712 0.342261353142 0.328586115145
1 0.328307424252 0.342856869759 0.328835705989
1 0.326605736308 0.337800444665 0.335593819027
1 0.331138245214 0.334625162493 0.334236592293
1 0.329952782008 0.338865151439 0.331182066553
1 0.331124346979 0.337767198499 0.331108454522
1 0.328987587156 0.337495596983 0.333516815861
1 0.329516376583 0.337921740799 0.332561882618
1 0.332500084864 0.34004210405 0.327457811085
1 0.324918615249 0.340407995814 0.334673388937
1 0.323943805006 0.342670303282 0.333385891712
1 0.33201430051 0.33647044207 0.331515257419
1 0.328745507807 0.335910748924 0.335343743269
1 0.329491658302 0.338153505731 0.332354835967
1 0.331429031856 0.338097892874 0.33047307527
1 0.32889929179 0.337305173902 0.333795534308
2 0.324202087063 0.337945801137 0.3378521118
2 0.326917296051 0.338838477429 0.334244226521
2 0.332362938786 0.334901339118 0.332735722096
2 0.333268469505 0.333165698136 0.333565832359
2 0.327653233575 0.333420952232 0.338925814193
2 0.331513192233 0.332330336722 0.336156471045
2 0.323893162049 0.337282087034 0.338824750917
2 0.325832553365 0.336270444494 0.337897002141
2 0.321453427894 0.335236316497 0.343310255609
2 0.330804321033 0.334202744918 0.334992934049
2 0.324552445281 0.335474715534 0.339972839184
2 0.324479355129 0.335294200263 0.340226444607
2 0.32659096479 0.336159980259 0.337249054951
2 0.327673156877 0.336374720769 0.335952122354
2 0.325956654469 0.340169196576 0.333874148955
2 0.327258054595 0.334819297039 0.337922648367
2 0.332038766392 0.332044381775 0.335916851833
2 0.324714529345 0.335297175617 0.339988295038
2 0.32399103826 0.335433706881 0.340575254859
2 0.327510887492 0.337321290204 0.335167822304
2 0.32671723087 0.335704686 0.337578083131
2 0.33494936237 0.330238159821 0.334812477808
2 0.333674290959 0.332053817175 0.334271891866
2 0.325724219617 0.335504983843 0.33877079654
2 0.324815003388 0.335626270088 0.339558726523
2 0.326712664778 0.336408086248 0.336879248974
2 0.328790353014 0.335927514882 0.335282132104
2 0.332831328975 0.334854093496 0.332314577529
2 0.330558531591 0.335076212876 0.334365255533
2 0.328983025275 0.334529729389 0.336487245336
2 0.32870067679 0.335604495986 0.335694827224
2 0.323939499522 0.335473103279 0.3405873972
2 0.33284807752 0.330090874107 0.337061048373
2 0.325678186302 0.335222673775 0.339099139922
2 0.324960785889 0.335835010648 0.339204203463
2 0.334555813207 0.333856837988 0.331587348805
2 0.328910703035 0.334933442814 0.336155854151
2 0.326698618498 0.337078127218 0.336223254284
2 0.325997103936 0.335864090019 0.338138806045
