0 0.406288593119 0.310915357685 0.282796049197
0 0.38240447916 0.322108249999 0.295487270841
0 0.418496761997 0.306520080352 0.27498315765
0 0.401588776247 0.306215715061 0.292195508692
0 0.41560306508 0.295141963291 0.289254971629
0 0.383812309772 0.313900145283 0.302287544945
0 0.418520828475 0.306262830516 0.275216341008
0 0.262187389928 0.416467789262 0.32134482081
0 0.389090616966 0.329111745983 0.28179763705
0 0.39028736667 0.322108399817 0.287604233513
0 0.416073435616 0.30265072869 0.281275835694
0 0.448614148197 0.276467818606 0.274918033197
0 0.440191344458 0.280174975116 0.279633680426
0 0.375235731204 0.32743781027 0.297326458526
0 0.375460906729 0.336102767943 0.288436325328
0 0.419408377055 0.341341268884 0.239250354061
0 0.368678850502 0.339414655261 0.291906494237
0 0.368066148456 0.345134877153 0.286798974391
0 0.436796146139 0.308412303377 0.254791550484
0 0.3755866288 0.358960612883 0.265452758317
0 0.464850489999 0.342332757307 0.192816752694
0 0.472764724789 0.259399047385 0.267836227826
0 0.398515096797 0.334688544174 0.266796359029
0 0.347164161401 0.334800294572 0.318035544027
0 0.376386489676 0.316898759549 0.306714750775
0 0.390544349886 0.318359588035 0.29109606208
0 0.431283481924 0.29207231399 0.276644204087
0 0.442201572398 0.30695515918 0.250843268422
0 0.428984688403 0.298273543383 0.272741768214
0 0.39267247883 0.286001793036 0.321325728135
0 0.333817261243 0.347302115921 0.318880622836
0 0.371859272612 0.342988609675 0.285152117714
0 0.334815071761 0.351258607147 0.313926321092
0 0.420535681521 0.279052089471 0.300412229008
0 0.404197164095 0.324668186513 0.271134649391
0 0.392445341165 0.329926531111 0.277628127725
0 0.379482351826 0.318788886423 0.301728761751
0 0.289556268575 0.395133731436 0.315309999989
0 0.443935459591 0.273981607632 0.282082932778
0 0.454278980228 0.309456468143 0.236264551628
0 0.392464018897 0.302087720986 0.305448260117
0 0.369512258225 0.351893871395 0.27859387038
0 0.370244246145 0.32445998362 0.305295770235
0 0.426155132895 0.279929310282 0.293915556823
0 0.391927319573 0.309086605101 0.298986075326
0 0.453311948781 0.281108245925 0.265579805294
0 0.465562227055 0.304024951567 0.230412821378
0 0.385810377906 0.323794666003 0.290394956091
0 0.391130211926 0.315207094754 0.293662693319
1 0.280800360967 0.397712836219 0.321486802814
1 0.276436824086 0.396358606829 0.327204569085
1 0.352362315403 0.317359679828 0.330278004769
1 0.304132859772 0.360137702557 0.335729437671
1 0.305579160882 0.373652483699 0.320768355418
1 0.279828027281 0.428721554109 0.29145041861
1 0.287329003561 0.382125182136 0.330545814303
1 0.313744038291 0.359778063571 0.326477898138
1 0.266721401005 0.394403316254 0.338875282741
1 0.294727012062 0.3563724506 0.348900537338
1 0.312265493681 0.386356288776 0.301378217543
1 0.279500924815 0.380200906568 0.340298168617
1 0.29551147318 0.386550469248 0.317938057573
1 0.241343185988 0.429889098578 0.328767715434
1 0.32277289978 0.331631965128 0.345595135093
1 0.314388221169 0.389095974121 0.29651580471
1 0.293326709023 0.36772385946 0.338949431517
1 0.309512067808 0.371079213252 0.31940871894
1 0.245026020611 0.386668537383 0.368305442006
1 0.281098669191 0.409756853556 0.309144477253
1 0.28729728014 0.384375086269 0.328327633591
1 0.275721850583 0.376581773079 0.347696376338
1 0.277355175682 0.405781689559 0.316863134759
1 0.275768977987 0.453553743863 0.27067727815
1 0.292378253162 0.393202330326 0.314419416511
1 0.268400201034 0.415792692332 0.315807106634
1 0.300527534231 0.35382213921 0.345650326558
1 0.281191740187 0.412982948825 0.305825310988
1 0.284826646964 0.370953124566 0.34422022847
1 0.300692357413 0.411189469397 0.28811817319
1 0.275232147539 0.384678847264 0.340089005197
1 0.317310491891 0.353647687351 0.329041820758
1 0.323991202348 0.341807235577 0.334201562075
1 0.258534991831 0.41396806395 0.32749694422
1 0.290704778009 0.400348551789 0.308946670202
1 0.305794714395 0.392601302519 0.301603983086
1 0.293713648479 0.408987512939 0.297298838582
1 0.310816416385 0.358958003166 0.330225580449
1 0.30747254393 0.370666795682 0.321860660388
1 0.325312645507 0.381079259687 0.293608094806
1 0.265362616934 0.410711795954 0.323925587112
1 0.299016567593 0.375504312606 0.325479119801
1 0.27219809627 0.391951577543 0.335850326187
2 0.294704216975 0.345238776925 0.3600570061
2 0.24707842467 0.354391428664 0.398530146666
2 0.287152511776 0.375261196783 0.337586291441
2 0.322369091759 0.299438245388 0.378192662853
2 0.281747860813 0.396676084658 0.321576054529
2 0.269860901668 0.350076651136 0.380062447196
2 0.304737629889 0.331597125572 0.363665244539
2 0.253139493923 0.342426124103 0.404434381974
2 0.294404546124 0.324876557568 0.380718896309
2 0.280998546685 0.342814659177 0.376186794138
2 0.318013694223 0.302747199108 0.379239106669
2 0.29282005816 0.368703882617 0.338476059223
2 0.287064239441 0.384125893419 0.32880986714
2 0.276172323752 0.36008724292 0.363740433328
2 0.224590182061 0.419161370152 0.356248447787
2 0.300493148785 0.355057785942 0.344449065274
2 0.288848651295 0.341496040088 0.369655308617
2 0.328844465934 0.306671054353 0.364484479713
2 0.349797592573 0.344366900001 0.305835507426
2 0.287741891272 0.319426923199 0.39283118553
2 0.257675334044 0.357709052382 0.384615613573
2 0.251901774226 0.339546765026 0.408551460748
2 0.264248651081 0.35493591132 0.3808154376
2 0.267793416906 0.359777741876 0.372428841218
2 0.296314904992 0.358113121992 0.345571973016
2 0.269426765661 0.339170349875 0.391402884465
2 0.238629254408 0.350211405387 0.411159340205
2 0.290513352468 0.347649097768 0.361837549764
2 0.276195628233 0.354664647178 0.369139724589
2 0.282147061946 0.332909247677 0.384943690377
2 0.263484052894 0.353769657953 0.382746289153
2 0.285095607383 0.355705519374 0.359198873242
2 0.255550672886 0.355015099265 0.389434227849
2 0.294024229099 0.337058699373 0.368917071527
2 0.243949473158 0.381752003425 0.374298523418
2 0.318435256356 0.315560841747 0.366003901897
2 0.317404822893 0.305682800776 0.376912376331
2 0.275649414192 0.354785735772 0.369564850036
2 0.254704423445 0.368535109563 0.376760466992
