0 0.912767235219 0.0628688468755 0.0243639179057
0 0.796378076067 0.143188478052 0.0604334458816
0 0.943903031285 0.0419368365593 0.0141601321554
0 0.902504367674 0.0599664580535 0.0375291742727
0 0.944026102937 0.0307968433253 0.0251770537374
0 0.81584744507 0.109228288841 0.074924266089
0 0.944150600585 0.0415731976731 0.014276201742
0 0.00901659865087 0.922016965316 0.0689664360336
0 0.814880032828 0.152763613822 0.0323563533506
0 0.837638750613 0.122809602773 0.0395516466135
0 0.942148520595 0.0390693980345 0.0187820813703
0 0.984861388515 0.00778200148446 0.00735661000009
0 0.978843554683 0.0106805033045 0.0104759420125
0 0.738787757195 0.189132470978 0.0720797718267
0 0.713258847672 0.235678959473 0.0510621928545
0 0.884055396209 0.112718826614 0.00322577717732
0 0.651821513221 0.285070545308 0.0631079414712
0 0.621859228041 0.326829916362 0.0513108555972
0 0.965848112516 0.0297466322843 0.00440525519953
0 0.599891374636 0.381451539258 0.0186570861068
0 0.955045909258 0.044810098544 0.000143992198422
0 0.994155326123 0.00245859712195 0.00338607675521
0 0.838467004221 0.146368178607 0.0151648171716
0 0.473453153154 0.329447694102 0.197099152744
0 0.764450713042 0.136840490143 0.0987087968146
0 0.845675763748 0.109566965398 0.0447572708544
0 0.968915539631 0.0196590073482 0.0114254530211
0 0.97141657086 0.0252320219956 0.0033514071445
0 0.964134628666 0.0254605102637 0.0104048610699
0 0.849873597801 0.0357056757035 0.114420726496
0 0.320658490633 0.476462954309 0.202878555058
0 0.659643083351 0.293981388215 0.0463755284341
0 0.318445188146 0.514344906725 0.167209905129
0 0.951332949302 0.0157455131889 0.032921537509
0 0.884758008098 0.0989211674039 0.0163208244983
0 0.82798878722 0.146017559583 0.0259936531965
0 0.783689805076 0.137170300307 0.0791398946166
0 0.0388539058363 0.870053637464 0.0910924566997
0 0.981598627713 0.00786954602538 0.0105318262612
0 0.977551172897 0.0210333633812 0.00141546372163
0 0.866143599222 0.0632298512763 0.0706265495013
0 0.597774870161 0.366746673178 0.0354784566606
0 0.707988061189 0.189127278598 0.102884660214
0 0.962178246129 0.0143900411951 0.023431712676
0 0.862212489684 0.0802344316373 0.0575530786782
0 0.986997822206 0.00830004371164 0.00470213408261
0 0.985236481587 0.0138948989965 0.00086861941653
0 0.811867254209 0.140748207063 0.0473845387275
0 0.85290400031 0.0985476698027 0.0485483298877
1 0.0267685746522 0.869650419073 0.103581006275
1 0.0231911893242 0.851622261407 0.125186549269
1 0.533407979241 0.187362404026 0.279229616733
1 0.109798159822 0.595178866988 0.295022973191
1 0.0990449952421 0.740071925228 0.16088307953
1 0.013557217968 0.966076802417 0.0203659796148
1 0.0447056026769 0.773791355789 0.181503041534
1 0.155752995186 0.612390415406 0.231856589407
1 0.0161436714769 0.806917721661 0.176938606862
1 0.076415967959 0.510535494167 0.413048537874
1 0.0989292193411 0.831695744566 0.0693750360929
1 0.0335013907381 0.726711151899 0.239787457363
1 0.0563557891738 0.826527131786 0.11711707904
1 0.0029025016375 0.933225030627 0.0638724677359
1 0.233037468422 0.305505447277 0.461457084301
1 0.100115665206 0.844124966994 0.0557593678006
1 0.0674218425242 0.646401887764 0.286176269711
1 0.117564339742 0.721383182271 0.161052477987
1 0.0064243833917 0.615315334844 0.378260281765
1 0.0213187935647 0.92350019546 0.0551810109757
1 0.0431495701322 0.792891266506 0.163959163362
1 0.0296230960362 0.669131628386 0.301245275578
1 0.0201125771585 0.903710728725 0.0761766941166
1 0.00681888163322 0.987521631419 0.00565948694782
1 0.0446035492456 0.863136690443 0.0922597603112
1 0.0116698190249 0.928975532031 0.0593546489437
1 0.0983518526332 0.503257091629 0.398391055738
1 0.0199945798787 0.933701159992 0.0463042601296
1 0.0461116124813 0.647432463069 0.306455924449
1 0.0407852712352 0.932608337081 0.0266063916834
1 0.0264961688002 0.753658416658 0.219845414541
1 0.185364359174 0.54813828286 0.266497357967
1 0.245593056141 0.419465673764 0.334941270095
1 0.00816846867714 0.904931516235 0.0869000150879
1 0.0365268865072 0.896341645466 0.0671314680271
1 0.0712298322401 0.866721436763 0.0620487309966
1 0.0338571633776 0.927918371717 0.0382244649055
1 0.141775182937 0.598407645857 0.259817171206
1 0.110341050508 0.715336755266 0.174322194226
1 0.160659825243 0.78171953375 0.0576206410074
1 0.0114642844792 0.9043182658 0.0842174497211
1 0.0763984458799 0.745214500062 0.178387054058
1 0.0210519828003 0.806800835822 0.172147181377
2 0.0753107203415 0.366597072378 0.558092207281
2 0.00636738075077 0.234663032118 0.758969587132
2 0.048610861049 0.706226015562 0.245163123389
2 0.1558446948 0.0745127786765 0.769642526523
2 0.0282853333776 0.865595934307 0.106118732315
2 0.0221250454281 0.298617983473 0.679256971099
2 0.108868726295 0.253366889378 0.637764384326
2 0.00769952936435 0.157955228305 0.834345242331
2 0.059675487163 0.159784482293 0.780540030544
2 0.0373185396053 0.272569808259 0.690111652135
2 0.134624383447 0.0823127000681 0.783062916484
2 0.0654606036498 0.655765991011 0.27877340534
2 0.0429317792821 0.790175897196 0.166892323521
2 0.0323547632046 0.459424381868 0.508220854927
2 0.00162711016048 0.834299144249 0.16407374559
2 0.0978372231357 0.51897779668 0.383184980185
2 0.0551921849106 0.294463091309 0.650344723781
2 0.23278691481 0.115819330959 0.651393754231
2 0.472545286254 0.404100403759 0.123354309987
2 0.0379731122773 0.107934538245 0.854092349478
2 0.0121245980182 0.322283580099 0.665591821883
2 0.0068148466859 0.134939717815 0.8582454355
2 0.0170203634922 0.325342247096 0.657637389411
2 0.0211755165682 0.405674737075 0.573149746357
2 0.0812883032127 0.540375225881 0.378336470907
2 0.0189186198026 0.189086649799 0.791994730398
2 0.00359770938231 0.16676007925 0.829642211368
2 0.0624756127158 0.376236226229 0.561288161055
2 0.031871173307 0.388516130549 0.579612696144
2 0.0349933103 0.183015679527 0.781991010173
2 0.0161609940604 0.307702153984 0.676136851955
2 0.049454090229 0.452067200135 0.498478709636
2 0.0104915733687 0.280891488477 0.708616938154
2 0.0685395962318 0.268636950058 0.662823453711
2 0.00619676328556 0.545731861855 0.448071374859
2 0.168429586064 0.153828917033 0.677741496903
2 0.137708746315 0.094522750023 0.767768503662
2 0.0310165110645 0.386975715239 0.582007773697
2 0.0109444724088 0.4401681775 0.548887350091
