0 0.999995894195 4.10580541068e-06 4.10782080705e-20
0 0.983709020844 0.0162909791557 3.37461875457e-15
0 0.999999998684 1.31592584666e-09 5.0207026175e-25
0 0.999993150691 6.84930871184e-06 6.55174858594e-20
0 0.999993793281 6.20671894646e-06 1.50276047713e-20
0 0.999998445102 1.5548979193e-06 9.721733379e-16
0 0.999981716267 1.82837334991e-05 4.63989552773e-17
0 7.59290597752e-14 0.040140328489 0.959859671511
0 0.324079321607 0.675920678393 4.81156764924e-17
0 0.953223500741 0.0467764992591 1.4453393967e-14
0 0.999995545651 4.45434938367e-06 9.99420466461e-22
0 1.0 6.29990514912e-15 2.39625348509e-26
0 0.999999999922 7.82625223212e-11 2.91830423107e-19
0 0.996431030175 0.00356896982462 1.22611624298e-15
0 0.570936922279 0.429063077721 1.78352330209e-14
0 0.0139923932185 0.986007606781 7.0994952001e-21
0 0.186077168685 0.807260922774 0.00666190854065
0 0.00824385210071 0.991756147899 1.38444166538e-19
0 0.982880686456 0.0171193135444 1.31741847276e-18
0 5.85735485224e-07 0.999999414265 2.06617001322e-15
0 0.000354592998974 0.999645406975 2.63155781529e-11
0 1.0 5.9744713099e-20 5.24231868522e-30
0 0.98555233509 0.0144476649097 3.18201169688e-19
0 0.991258194662 0.00874179861223 6.72572634439e-09
0 0.999997698486 2.3015138163e-06 1.40667309285e-13
0 0.96018220597 0.0398177940299 3.10903837505e-17
0 0.999999830207 1.69793182145e-07 6.48948880581e-22
0 0.993855184758 0.00614481524237 3.73225577186e-26
0 0.999999946897 5.31030753915e-08 6.33592839896e-19
0 0.999999999804 1.95954103859e-10 7.80778122082e-17
0 2.69995879239e-06 0.99999729988 1.61006334637e-10
0 0.000305966525149 0.999694033475 2.73178376449e-20
0 0.782426204219 0.217544292474 2.95033076029e-05
0 1.0 1.41718072196e-16 1.00801794125e-22
0 0.999975489486 2.45105140853e-05 9.56378546331e-18
0 0.993471712949 0.00652828705134 4.25261974752e-17
0 0.999773675812 0.000226324187823 9.24688016086e-16
0 8.56206728241e-13 0.98786189934 0.0121381006594
0 1.0 4.69034900997e-14 2.61787554448e-21
0 0.999999999965 3.46638056649e-11 5.68572683324e-25
0 0.999999243027 7.5697274343e-07 4.67910136655e-17
0 1.00296238323e-06 0.999998997038 3.87879612138e-14
0 0.999998865651 1.13434856504e-06 5.19150232212e-14
0 1.0 7.01472039143e-14 4.92135099763e-19
0 0.999169631531 0.000830367917358 5.51863076769e-10
0 1.0 4.06620185123e-13 6.55303085734e-24
0 0.999999999891 1.09075234e-10 1.79638004406e-34
0 0.862467094289 0.137532905711 4.63139552398e-14
0 0.992004256373 0.00799574362673 4.8489521937e-13
1 1.00946866927e-08 0.999992697075 7.29283013261e-06
1 3.98735964325e-06 0.999994532982 1.47965809706e-06
1 0.999999999413 2.28930331463e-11 5.63610087242e-10
1 0.0158854569952 0.00282313917452 0.98129140383
1 0.000143116724268 0.999856773435 1.09840554716e-07
1 1.91433005023e-06 0.999887959605 0.000110126065144
1 2.21087627528e-10 0.994507155916 0.0054928438632
1 0.792191126942 0.148485345026 0.0593235280314
1 3.77352266346e-05 0.922100581359 0.0778616834148
1 0.187738616086 0.00893403327301 0.803327350641
1 1.302442309e-09 0.999999998674 2.32239753358e-11
1 6.29543306326e-05 0.999927556767 9.48890269368e-06
1 0.0837820631928 0.916003368926 0.000214567881713
1 8.98024319869e-14 0.894137316158 0.105862683842
1 0.999017332038 0.000858203040898 0.000124464921219
1 5.51953943257e-05 0.9999448046 6.02872685182e-12
1 0.805816509181 0.0784356610497 0.11574782977
1 0.344960862369 0.654797223148 0.000241914483265
1 2.83795337015e-11 0.000323590593786 0.999676409378
1 1.21509511307e-07 0.99999987849 3.29235344226e-13
1 1.33737783797e-05 0.999628097958 0.00035852826342
1 0.000677962207265 0.996729209123 0.00259282866928
1 2.49642392768e-07 0.999999623503 1.26854318699e-07
1 6.98295519709e-12 0.999999999993 9.34244749581e-17
1 1.87648201154e-06 0.99999805372 6.97982855464e-08
1 6.19563116153e-10 0.999870198294 0.000129801086598
1 0.0603939359055 0.158957732029 0.780648332065
1 4.1528581083e-13 0.999999996777 3.22274639487e-09
1 4.59852343536e-06 0.9983017777 0.00169362377626
1 3.75698404459e-07 0.999999624301 2.93293567222e-13
1 0.000326640173912 0.0781867974687 0.921486562357
1 0.0488714641035 0.95010959983 0.00101893606601
1 0.0463748772496 1.04714777786e-06 0.953624075603
1 1.01166584575e-13 0.999977795067 2.22049325185e-05
1 1.92625031203e-09 0.999999993318 4.75578324816e-09
1 3.48928552798e-05 0.999965107124 2.04458022504e-11
1 3.49671587581e-10 0.999999999643 7.66835189453e-12
1 0.887064550567 0.11065648071 0.00227896872335
1 0.950603452444 0.0490816534912 0.000314894064398
1 0.000194370760565 0.999805629238 1.57076967536e-12
1 4.47485558575e-11 0.99999310637 6.89358476928e-06
1 1.15835047987e-06 0.999383081979 0.000615759670095
1 0.000153945875581 0.999773909205 7.21449196384e-05
2 0.0304319508468 0.954820105041 0.0147479441118
2 2.8933923962e-19 9.61941991193e-10 0.999999999038
2 6.65470568264e-10 0.956065657124 0.0439343422103
2 0.999999328415 3.29030528427e-13 6.71584524726e-07
2 4.40305623659e-12 0.999999972822 2.71740505517e-08
2 3.98603748724e-09 0.000223475562895 0.999776520451
2 0.280827631407 0.644280074598 0.0748922939957
2 1.78845479244e-15 8.57588763073e-11 0.999999999914
2 0.00350457031822 1.57534673084e-06 0.996493854335
2 1.04593211715e-06 9.96038475123e-13 0.999998954067
2 0.998602422303 8.19304955722e-09 0.00139756950362
2 1.53117837486e-11 5.46523632231e-07 0.999999453461
2 3.98668734257e-07 0.999998420606 1.18072500737e-06
2 1.36036724093e-07 0.000922520341195 0.999077343622
2 6.55943670174e-15 6.47475053998e-05 0.999935252495
2 0.963063241595 0.0358484423344 0.00108831607078
2 0.000270537076407 9.73738309149e-05 0.999632089093
2 0.999997768511 5.59894006206e-11 2.23143264809e-06
2 0.0160218037764 0.983978196193 3.05904508534e-11
2 9.34727630912e-07 7.36587080314e-09 0.999999057906
2 1.00551685185e-14 5.9256789743e-08 0.999999940743
2 1.88155796102e-13 3.11035661291e-12 0.999999999997
2 5.06292505221e-12 5.97797371839e-06 0.999994022021
2 4.26028811947e-10 1.18460098995e-05 0.999988153564
2 0.000178140628218 0.94554809633 0.0542737630421
2 1.74718867172e-12 1.24909986672e-09 0.999999998749
2 8.36950920972e-18 1.85092426919e-13 1.0
2 0.102959113097 0.0273184084507 0.869722478452
2 7.92329646765e-08 0.00221323977624 0.997786680991
2 8.5837144472e-07 2.8666439082e-07 0.999998854964
2 1.05758080003e-08 1.01686158496e-07 0.999999887738
2 0.00204054146895 0.77844840905 0.219511049481
2 6.24397313357e-11 2.04716519519e-07 0.999999795221
2 0.000875887628853 3.35944052853e-06 0.999120752931
2 6.22855234315e-14 0.000199318975998 0.999800681024
2 0.240937402852 1.32196024078e-07 0.759062464952
2 0.999999432121 4.24801934184e-12 5.6787453932e-07
2 8.44614481451e-11 0.000483077947112 0.999516921968
2 7.53409768222e-12 0.000177665811767 0.999822334181
