bA 0.452874777095 0.317217252607 0.229907970297
bA 0.339584941768 0.299066958 0.361348100232
bA 0.374335988305 0.333747525211 0.291916486484
bA 0.352185175314 0.297265395274 0.350549429412
bA 0.350840343773 0.301422634684 0.347737021542
bA 0.365589773668 0.307463912468 0.326946313864
bA 0.439226254159 0.296835117091 0.26393862875
bA 0.362259989473 0.305736234332 0.332003776195
bA 0.34691109546 0.305772899271 0.347316005269
bA 0.315700077896 0.310537149394 0.37376277271
bA 0.394002749848 0.289583006338 0.316414243814
bA 0.370874706027 0.302870461199 0.326254832774
bA 0.313409599417 0.322314551182 0.364275849401
bA 0.367369749649 0.30143724179 0.331193008561
bA 0.330838105473 0.312822371568 0.35633952296
bA 0.344134917092 0.312044246189 0.343820836718
bA 0.329915296746 0.309619666754 0.3604650365
bA 0.346655954788 0.306810035655 0.346534009557
bA 0.366298033053 0.305984278544 0.327717688403
bA 0.330328994829 0.306454667624 0.363216337547
bA 0.336209254071 0.305247314972 0.358543430957
bA 0.346820779413 0.308565139827 0.34461408076
bA 0.335620310438 0.303703953006 0.360675736556
bA 0.327099326534 0.300632397108 0.372268276358
bA 0.346904755814 0.299842789009 0.353252455176
bA 0.353097478103 0.297814480142 0.349088041755
bA 0.288163500881 0.299494586787 0.412341912332
bA 0.315360078729 0.301790780962 0.382849140309
bA 0.35878047158 0.306006970253 0.335212558168
bA 0.330462949187 0.31908792874 0.350449122073
dA 0.332139549642 0.307351894644 0.360508555715
dA 0.388798249151 0.285970502914 0.325231247935
dA 0.36895142194 0.301107523933 0.329941054127
dA 0.350320859027 0.290128625084 0.359550515888
dA 0.326005907854 0.30589210226 0.368101989887
dA 0.422282629521 0.285097963164 0.292619407316
dA 0.410867392046 0.294763048436 0.294369559518
dA 0.339156930482 0.307722416638 0.35312065288
dA 0.337267837848 0.292167772636 0.370564389516
dA 0.395493992677 0.297545761983 0.30696024534
dA 0.390870908476 0.29037816272 0.318750928804
dA 0.37959044893 0.292582039318 0.327827511752
dA 0.328233466461 0.297536626401 0.374229907138
dA 0.384128143575 0.2895691866 0.326302669825
dA 0.326920171935 0.307082354228 0.365997473837
dA 0.266677041426 0.319330645131 0.413992313443
dA 0.33473197983 0.317402476369 0.347865543802
dA 0.306895196374 0.308690710804 0.384414092822
dA 0.333847258921 0.309024930153 0.357127810926
dA 0.353028053661 0.297647143907 0.349324802432
dA 0.316503981987 0.308309295226 0.375186722786
dA 0.330035679232 0.288842003309 0.381122317459
dA 0.391140009364 0.287962707404 0.320897283233
dA 0.353885099473 0.303572623734 0.342542276793
dA 0.352257343644 0.303276650402 0.344466005954
dA 0.338714045895 0.302426400025 0.35885955408
dA 0.347791363566 0.302586881136 0.349621755298
dA 0.332033297041 0.310504933576 0.357461769383
dA 0.37522789456 0.29846814617 0.32630395927
dA 0.355932420955 0.297452446982 0.346615132063
lA 0.376495467546 0.284209912292 0.339294620162
lA 0.387012941409 0.291097078797 0.321889979794
lA 0.409140328715 0.293195248336 0.297664422949
lA 0.375803575195 0.29948303193 0.324713392876
lA 0.345150985493 0.308321140937 0.346527873571
lA 0.359865642417 0.295644884488 0.344489473094
lA 0.391958411158 0.28118426866 0.326857320182
lA 0.413512644451 0.290579324966 0.295908030583
lA 0.350290257069 0.2934249364 0.356284806531
lA 0.344788860144 0.302522318683 0.352688821173
lA 0.333983880321 0.303045294285 0.362970825395
lA 0.320245219722 0.296530078098 0.38322470218
lA 0.374300058218 0.291411474231 0.334288467551
lA 0.371454764859 0.292492959965 0.336052275176
lA 0.407597893436 0.27712123014 0.315280876424
lA 0.356781595892 0.300184852946 0.343033551162
lA 0.366698963343 0.302743534863 0.330557501794
lA 0.428958728896 0.282867339131 0.288173931972
lA 0.37910422056 0.290002788837 0.330892990603
lA 0.379199326517 0.286114291773 0.33468638171
lA 0.382485361273 0.296304077369 0.321210561358
lA 0.369655989133 0.31163248428 0.318711526587
lA 0.419807875178 0.287796812264 0.292395312559
lA 0.389975294695 0.291600005045 0.31842470026
lA 0.388425806748 0.305231612984 0.306342580269
lA 0.346424239348 0.309898599947 0.343677160705
lA 0.367686711269 0.295276225627 0.337037063104
lA 0.321883154593 0.299230877669 0.378885967738
lA 0.547987980364 0.245678812382 0.206333207254
lA 0.347507977429 0.316260000437 0.336232022134
