bA 0.43938126165 0.291768079172 0.268850659177
bA 0.290488476581 0.350685538272 0.358825985147
bA 0.346803880778 0.329851046116 0.323345073106
bA 0.286870993147 0.35727032123 0.355858685623
bA 0.308118382681 0.343215729819 0.348665887499
bA 0.297085590648 0.352335090438 0.350579318914
bA 0.333167524186 0.340367118566 0.326465357248
bA 0.298332445234 0.34446498392 0.357202570846
bA 0.295653809794 0.344019001742 0.360327188463
bA 0.254798342501 0.368453532388 0.376748125111
bA 0.333949151221 0.33014711793 0.33590373085
bA 0.3272099931 0.336471496006 0.336318510894
bA 0.251257746705 0.37383354147 0.374908711825
bA 0.317222954758 0.338635070609 0.344141974633
bA 0.285733705179 0.354169692997 0.360096601824
bA 0.299130152467 0.344453480659 0.356416366875
bA 0.306821988239 0.341151323042 0.35202668872
bA 0.317207808875 0.338318225894 0.344473965231
bA 0.31765927779 0.342287457674 0.340053264536
bA 0.278436635074 0.351367325042 0.370196039885
bA 0.300637362206 0.346235705089 0.353126932706
bA 0.297696780708 0.348909610068 0.353393609224
bA 0.298349960786 0.34635402418 0.355296015034
bA 0.273025525208 0.358232038459 0.368742436333
bA 0.289947630119 0.351780577697 0.358271792184
bA 0.267258021805 0.364905150552 0.367836827642
bA 0.255075486833 0.360809346876 0.384115166291
bA 0.289564900269 0.348689969764 0.361745129967
bA 0.304803348702 0.344850613504 0.350346037794
bA 0.292392486565 0.34867811443 0.358929399005
dA 0.253275485632 0.37164841252 0.375076101848
dA 0.286899426909 0.351633032758 0.361467540333
dA 0.328168164205 0.3368757818 0.334956053995
dA 0.260564103518 0.365587453225 0.373848443258
dA 0.276556761791 0.35649825862 0.366944979589
dA 0.336597061312 0.332782743777 0.330620194911
dA 0.331896345482 0.336888821587 0.331214832931
dA 0.256227116177 0.369644351622 0.374128532201
dA 0.249287022129 0.368258847458 0.382454130413
dA 0.316741774477 0.344623691838 0.338634533685
dA 0.326454871571 0.33756176274 0.335983365688
dA 0.292368159016 0.352609386871 0.355022454113
dA 0.278155283118 0.355861098014 0.365983618868
dA 0.298929103366 0.353929465114 0.34714143152
dA 0.25341658415 0.370545773781 0.376037642069
dA 0.213108782269 0.379899414019 0.406991803712
dA 0.293590766978 0.352274589209 0.354134643813
dA 0.237243676364 0.374014787129 0.388741536508
dA 0.297398900453 0.34553622651 0.357064873036
dA 0.252077701104 0.369966972194 0.377955326702
dA 0.239702704394 0.378019524066 0.38227777154
dA 0.228619539631 0.383359890018 0.388020570351
dA 0.300524496521 0.344641949579 0.3548335539
dA 0.263221244625 0.37239580289 0.364382952484
dA 0.279587121763 0.360794871466 0.359618006771
dA 0.284359078135 0.349640663823 0.366000258042
dA 0.263237426195 0.361252401481 0.375510172324
dA 0.244811240299 0.377276612904 0.377912146797
dA 0.288836494093 0.35618070864 0.354982797267
dA 0.25968089138 0.372998582441 0.367320526179
lA 0.286816844599 0.357866269904 0.355316885498
lA 0.287514951091 0.358073452739 0.354411596169
lA 0.296753317488 0.354888081025 0.348358601488
lA 0.284679386423 0.362142431614 0.353178181964
lA 0.28971900097 0.355160631646 0.355120367384
lA 0.281900620752 0.356052279056 0.362047100192
lA 0.286473400309 0.356582091131 0.35694450856
lA 0.273126100798 0.366745347872 0.360128551329
lA 0.301869344055 0.342106586889 0.356024069057
lA 0.271176182988 0.361482577717 0.367341239295
lA 0.24211719823 0.376328974935 0.381553826835
lA 0.257647041776 0.361199991519 0.381152966706
lA 0.304311176339 0.350994210125 0.344694613536
lA 0.281525940307 0.358971765478 0.359502294215
lA 0.284940124316 0.353437882002 0.361621993682
lA 0.281515588099 0.358885545715 0.359598866187
lA 0.284402018792 0.36130232191 0.354295659298
lA 0.317967471075 0.347952886673 0.334079642252
lA 0.264579198498 0.367486204658 0.367934596843
lA 0.279786766415 0.357117220395 0.36309601319
lA 0.332727039366 0.331346672503 0.335926288131
lA 0.329117795118 0.334587604327 0.336294600555
lA 0.326302681993 0.344276543994 0.329420774013
lA 0.288220100696 0.355346624924 0.356433274381
lA 0.285152380108 0.364018936897 0.350828682996
lA 0.241432307217 0.379318289663 0.37924940312
lA 0.257387543904 0.371481715188 0.371130740908
lA 0.260235470117 0.360952107506 0.378812422377
lA 0.317748103224 0.358586721647 0.323665175129
lA 0.276754927487 0.366206704276 0.357038368237
