bA 0.366651169598 0.292694911682 0.34065391872
bA 0.427253901944 0.277184598271 0.295561499784
bA 0.357279565251 0.298633681559 0.34408675319
bA 0.424750778644 0.278944025149 0.296305196207
bA 0.395473471626 0.291313633387 0.313212894987
bA 0.393235904875 0.290271680954 0.316492414171
bA 0.393911160234 0.287499384701 0.318589455064
bA 0.406733930962 0.28219060658 0.311075462458
bA 0.403894075052 0.284287030394 0.311818894554
bA 0.383820969037 0.298768757854 0.31741027311
bA 0.440057236388 0.267728504996 0.292214258616
bA 0.417211489771 0.278686974485 0.304101535744
bA 0.365091048752 0.307305968757 0.327602982491
bA 0.415239158896 0.279514997538 0.305245843566
bA 0.390627996256 0.293281460349 0.316090543395
bA 0.374181938928 0.299075724371 0.326742336701
bA 0.408952291662 0.283599844715 0.307447863623
bA 0.417498076767 0.279279472828 0.303222450405
bA 0.412355463442 0.281830044333 0.305814492225
bA 0.396343804876 0.289328056916 0.314328138208
bA 0.433440017089 0.273345461344 0.293214521567
bA 0.399402091983 0.288686376033 0.311911531985
bA 0.401425163872 0.28481563768 0.313759198447
bA 0.416247514698 0.282708849373 0.301043635929
bA 0.425063301961 0.278256730114 0.296679967926
bA 0.397892549917 0.291886679348 0.310220770735
bA 0.422500294651 0.281023748907 0.296475956442
bA 0.430573880779 0.276129924113 0.293296195109
bA 0.405840926271 0.283994573052 0.310164500677
bA 0.390939747848 0.290402912748 0.318657339404
dA 0.392166957743 0.294671665184 0.313161377073
dA 0.443978617602 0.268310077752 0.287711304646
dA 0.42711081191 0.275167157223 0.297722030867
dA 0.420644804151 0.282276755184 0.297078440665
dA 0.407038628579 0.286444537953 0.306516833468
dA 0.439108380125 0.269125995736 0.291765624139
dA 0.412872543361 0.280258830931 0.306868625708
dA 0.386251560986 0.296922340016 0.316826098998
dA 0.425573455458 0.279916629347 0.294509915194
dA 0.419043284549 0.278541320535 0.302415394917
dA 0.432665060227 0.273047865161 0.294287074612
dA 0.427071330889 0.275626174425 0.297302494685
dA 0.433963496727 0.27516086006 0.290875643213
dA 0.447077295328 0.268658799425 0.284263905247
dA 0.431109007126 0.276498854995 0.292392137879
dA 0.351115067794 0.314675172527 0.334209759679
dA 0.384804013469 0.295238664265 0.319957322266
dA 0.382420841971 0.300284472219 0.31729468581
dA 0.402156469987 0.287102894374 0.310740635639
dA 0.403577800756 0.288487679127 0.307934520117
dA 0.390709825847 0.296993341388 0.312296832766
dA 0.433100871103 0.279447205152 0.287451923746
dA 0.431278615602 0.272289734656 0.296431649741
dA 0.403653413565 0.290617628046 0.305728958389
dA 0.407163638649 0.287235693307 0.305600668044
dA 0.413888118778 0.282057863715 0.304054017507
dA 0.402403345708 0.287796015476 0.309800638816
dA 0.381456005344 0.300236936658 0.318307057998
dA 0.408726215139 0.284706153168 0.306567631693
dA 0.415620405262 0.285084026079 0.299295568659
lA 0.446798194438 0.270420411982 0.28278139358
lA 0.435363373728 0.273308452319 0.291328173953
lA 0.419300623467 0.277880652276 0.302818724257
lA 0.419926837401 0.281560656073 0.298512506527
lA 0.404972286328 0.28708503938 0.307942674291
lA 0.413275828072 0.28335120115 0.303372970778
lA 0.454366912551 0.265392576136 0.280240511313
lA 0.411849037323 0.281845346734 0.306305615943
lA 0.434558009243 0.272713901567 0.29272808919
lA 0.401281267307 0.28956838656 0.309150346133
lA 0.391903265922 0.295694396967 0.312402337111
lA 0.415742249135 0.284065010273 0.300192740593
lA 0.444301527236 0.269932964896 0.285765507868
lA 0.42983989327 0.276516084623 0.293644022107
lA 0.466380651326 0.258827953811 0.274791394864
lA 0.411745495847 0.284713169893 0.303541334259
lA 0.399423903036 0.29006232907 0.310513767894
lA 0.449169689704 0.266779081239 0.284051229057
lA 0.421401618957 0.281707045942 0.296891335101
lA 0.444598339892 0.269366670343 0.286034989764
lA 0.42548848383 0.275370574716 0.299140941454
lA 0.403021967381 0.284437836195 0.312540196424
lA 0.442278341663 0.269052468686 0.28866918965
lA 0.425545980103 0.277012487124 0.297441532773
lA 0.3980662215 0.291511653871 0.310422124629
lA 0.371004676443 0.303779598179 0.325215725377
lA 0.425453094185 0.280256931788 0.294289974026
lA 0.407652452927 0.28656449749 0.305783049583
lA 0.444297088645 0.27435513213 0.281347779225
lA 0.413176593363 0.280459302091 0.306364104547
