bA 0.390783262884 0.0292354765441 0.579981260572
bA 0.244395684134 0.472786452195 0.282817863672
bA 0.453799572419 0.266818995301 0.27938143228
bA 0.279981193067 0.469152409015 0.250866397918
bA 0.254001964756 0.388839351934 0.357158683311
bA 0.351941141372 0.36275569968 0.285303158948
bA 0.34640471782 0.61513037242 0.0384649097595
bA 0.297870336441 0.442009161347 0.260120502212
bA 0.31245159949 0.462249063595 0.225299336915
bA 0.251116353646 0.500747416712 0.248136229641
bA 0.373316551764 0.382727085484 0.243956362751
bA 0.316590600951 0.414873721187 0.268535677862
bA 0.28940815095 0.483612818574 0.226979030477
bA 0.33898128911 0.410452105307 0.250566605583
bA 0.301539592964 0.459990405478 0.238470001558
bA 0.32242926163 0.429429280492 0.248141457878
bA 0.316651548336 0.432978093773 0.250370357891
bA 0.337466839154 0.446987281317 0.215545879529
bA 0.337214400014 0.439514897559 0.223270702427
bA 0.286523308707 0.470823046338 0.242653644956
bA 0.276169195096 0.502471558512 0.221359246392
bA 0.308277651723 0.461631906866 0.230090441411
bA 0.191846063449 0.322262623482 0.485891313069
bA 0.243761049454 0.486183552066 0.270055398481
bA 0.283075200025 0.490208936905 0.22671586307
bA 0.251585620046 0.431874298946 0.316540081007
bA 0.201043818516 0.479930920527 0.319025260957
bA 0.273993463741 0.500915472809 0.225091063449
bA 0.314395755091 0.452178357264 0.233425887645
bA 0.310795127435 0.432845611191 0.256359261375
dA 0.263928017808 0.473005305149 0.263066677043
dA 0.244835915705 0.587024513976 0.168139570319
dA 0.317082975428 0.493517767529 0.189399257043
dA 0.247504120286 0.493048379876 0.259447499838
dA 0.315587094124 0.416904156911 0.267508748965
dA 0.280582245033 0.520647278907 0.19877047606
dA 0.298011281806 0.331015233037 0.370973485157
dA 0.263945813085 0.503338313962 0.232715872953
dA 0.228593371932 0.499787717536 0.271618910532
dA 0.331075482037 0.439539951078 0.229384566885
dA 0.330557659087 0.422840407392 0.24660193352
dA 0.278858502284 0.42712515623 0.294016341486
dA 0.280578319161 0.433468285626 0.285953395213
dA 0.285730189328 0.474193037745 0.240076772926
dA 0.262919223473 0.55809629757 0.178984478957
dA 0.255383855097 0.521550458727 0.223065686175
dA 0.390575203888 0.370720816317 0.238703979795
dA 0.247356367308 0.515443813422 0.23719981927
dA 0.36696430356 0.381327045936 0.251708650504
dA 0.255826657077 0.482788122302 0.261385220621
dA 0.270380975004 0.478009857277 0.251609167719
dA 0.191229649996 0.67832573973 0.130444610275
dA 0.281324678943 0.440397272645 0.278278048412
dA 0.282208642069 0.449996929164 0.267794428767
dA 0.315781448559 0.450161626651 0.23405692479
dA 0.288288163862 0.45729253133 0.254419304808
dA 0.248430514836 0.58849288417 0.163076600994
dA 0.267354233535 0.44555534006 0.287090426405
dA 0.285000940373 0.407846666844 0.307152392783
dA 0.25648315567 0.476504561665 0.267012282665
lA 0.281132784115 0.453866371204 0.265000844682
lA 0.316327850896 0.430435448634 0.25323670047
lA 0.296812719723 0.298040796376 0.405146483901
lA 0.322999878091 0.432243092186 0.244757029723
lA 0.354772317177 0.359245713778 0.285981969045
lA 0.303247471434 0.422502282877 0.274250245689
lA 0.275928315193 0.431982863739 0.292088821068
lA 0.454433338692 0.266616460054 0.278950201255
lA 0.340408045181 0.44955982929 0.21003212553
lA 0.303533658703 0.428856178917 0.26761016238
lA 0.261185697873 0.446500321444 0.292313980683
lA 0.282776888152 0.492931849324 0.224291262525
lA 0.309753048312 0.437907794384 0.252339157304
lA 0.29574940689 0.4569558994 0.247294693711
lA 0.259291013351 0.474879678901 0.265829307748
lA 0.316390893129 0.415056059603 0.268553047267
lA 0.302087657569 0.381667173428 0.316245169003
lA 0.517189861027 0.192742854228 0.290067284745
lA 0.27366024119 0.351317847994 0.375021910816
lA 0.265421419956 0.470616163314 0.26396241673
lA 0.337946157243 0.282848101104 0.379205741653
lA 0.377734640025 0.269062234511 0.353203125464
lA 0.353733638476 0.308894859963 0.337371501561
lA 0.312348183427 0.410441979935 0.277209836637
lA 0.278403524525 0.356298682983 0.365297792492
lA 0.298571661951 0.321552868251 0.379875469798
lA 0.262180394018 0.477101528661 0.260718077321
lA 0.305495746914 0.429493164987 0.265011088099
