bA 0.49335115202 0.466286592572 0.0403622554076
bA 0.25622550321 0.209165158691 0.534609338099
bA 0.419657848803 0.380712442017 0.19962970918
bA 0.259564228869 0.266040640145 0.474395130986
bA 0.215683818427 0.275546830353 0.50876935122
bA 0.302449105502 0.368273636279 0.329277258219
bA 0.495566620324 0.291608587445 0.212824792231
bA 0.315218573154 0.301432771199 0.383348655647
bA 0.316317661093 0.298361003627 0.38532133528
bA 0.283892845333 0.261253417956 0.454853736711
bA 0.349889177816 0.356042773603 0.294068048581
bA 0.269731716102 0.300800644527 0.429467639371
bA 0.256691871963 0.282601860001 0.460706268036
bA 0.329731257882 0.302108227926 0.368160514192
bA 0.275469446679 0.31011632689 0.414414226431
bA 0.29541676136 0.320881781641 0.383701456998
bA 0.313206872101 0.272298165594 0.414494962305
bA 0.307993356393 0.290187460034 0.401819183573
bA 0.308380522536 0.326705591661 0.364913885804
bA 0.328808094631 0.264456319094 0.406735586275
bA 0.243062542762 0.23593640754 0.521001049698
bA 0.305727732863 0.297958859375 0.396313407763
bA 0.145046948696 0.198073910797 0.656879140507
bA 0.229437726277 0.221600479289 0.548961794434
bA 0.29012230525 0.268972100164 0.440905594586
bA 0.339280473535 0.293567028355 0.36715249811
bA 0.362625989874 0.283432537349 0.353941472777
bA 0.289589011647 0.24832397599 0.462087012363
bA 0.327468873878 0.294267554551 0.378263571571
bA 0.24158497286 0.335513336284 0.422901690856
dA 0.261004073482 0.298590861799 0.44040506472
dA 0.489841626776 0.193795617267 0.316362755957
dA 0.281934737932 0.221680117482 0.496385144586
dA 0.291312664501 0.256899895262 0.451787440237
dA 0.280093441978 0.259878492503 0.460028065519
dA 0.392191833122 0.23988520031 0.367922966567
dA 0.379794861461 0.315663461522 0.304541677017
dA 0.390580189194 0.288575178755 0.320844632051
dA 0.328348496506 0.274234533361 0.397416970133
dA 0.362539606553 0.316127419597 0.32133297385
dA 0.297602359668 0.302559086793 0.399838553539
dA 0.460310290004 0.221896889957 0.317792820039
dA 0.283876005941 0.242412970353 0.473711023706
dA 0.262128505155 0.273422715867 0.464448778978
dA 0.398149033963 0.298606124858 0.303244841179
dA 0.288096712077 0.310276318318 0.401626969605
dA 0.253192619298 0.33701210342 0.409795277282
dA 0.28981380115 0.271397419228 0.438788779622
dA 0.291119938298 0.31381464891 0.395065412792
dA 0.387740399367 0.266040583182 0.346219017452
dA 0.234129707709 0.264934240193 0.500936052098
dA 0.292172717132 0.15851416541 0.549313117459
dA 0.478479704805 0.22805567132 0.293464623875
dA 0.339752673736 0.327889661907 0.332357664357
dA 0.297095491246 0.258867241915 0.444037266839
dA 0.381228642537 0.304792958 0.313978399464
dA 0.489337651086 0.235711025879 0.274951323035
dA 0.267374528104 0.321332376567 0.411293095328
dA 0.420364406341 0.279017064395 0.300618529263
dA 0.344855793044 0.260860785939 0.394283421017
lA 0.34609405524 0.28693540181 0.36697054295
lA 0.362660247663 0.337147441642 0.300192310695
lA 0.505374477679 0.294443710207 0.200181812114
lA 0.34576986397 0.334370375561 0.319859760469
lA 0.330447906552 0.372712707203 0.296839386245
lA 0.348048128158 0.320753845748 0.331198026094
lA 0.388297619301 0.294770213349 0.31693216735
lA 0.297455534605 0.371740917645 0.33080354775
lA 0.37758549982 0.322432014688 0.299982485492
lA 0.328062620401 0.315400588148 0.356536791452
lA 0.325145825272 0.29095109068 0.383903084047
lA 0.351602369443 0.305714580451 0.342683050106
lA 0.322637462953 0.303267308318 0.374095228729
lA 0.340372921711 0.300413977134 0.359213101155
lA 0.476089470326 0.29465608885 0.229254440824
lA 0.318686895877 0.33775723447 0.343555869653
lA 0.37038275732 0.330856314275 0.298760928405
lA 0.430032758954 0.352957305373 0.217009935673
lA 0.50828472522 0.28639092534 0.20532434944
lA 0.445561488032 0.277616754731 0.276821757237
lA 0.400695117844 0.348220179208 0.251084702948
lA 0.408353791985 0.289632006545 0.30201420147
lA 0.368214757905 0.439904737261 0.191880504833
lA 0.38136478845 0.387716355874 0.230918855676
lA 0.45782639795 0.376499830883 0.165673771167
lA 0.313795614039 0.405214412883 0.280989973078
lA 0.481060479241 0.29877380243 0.22016571833
lA 0.379283709028 0.316507709477 0.304208581494
lA 0.330776869842 0.301791503345 0.367431626813
lA 0.368565893614 0.385248530114 0.246185576272
