bA 0.147337973795 0.422261007497 0.430401018709
bA 0.417234096946 0.257736104954 0.3250297981
bA 0.131825150577 0.390890971463 0.47728387796
bA 0.46515049624 0.248358627059 0.2864908767
bA 0.368835297854 0.280117270784 0.351047431361
bA 0.286696218479 0.328249415941 0.385054365581
bA 0.251410218723 0.362677679729 0.385912101548
bA 0.24275113397 0.324074062881 0.433174803149
bA 0.256654145547 0.312497380713 0.43084847374
bA 0.275036320694 0.321038248918 0.403925430388
bA 0.414700353212 0.258659532789 0.326640114
bA 0.371181090758 0.28600582049 0.342813088752
bA 0.19878932302 0.366726295308 0.434484381672
bA 0.347915363795 0.290085303536 0.361999332669
bA 0.271219038687 0.324442188895 0.404338772418
bA 0.22284940365 0.335053956723 0.442096639627
bA 0.305642069146 0.298973626648 0.395384304207
bA 0.342512897029 0.290320084104 0.367167018868
bA 0.346072781429 0.301996520854 0.351930697717
bA 0.265764076569 0.309217934258 0.425017989173
bA 0.388655550225 0.270843823772 0.340500626003
bA 0.299806960244 0.31210986395 0.388083175805
bA 0.47215118864 0.239860371384 0.287988439976
bA 0.395926861218 0.266832764938 0.337240373844
bA 0.397912705871 0.270212200277 0.331875093852
bA 0.352888754362 0.293656953442 0.353454292196
bA 0.40200277931 0.249925067007 0.348072153683
bA 0.416470012097 0.251271444396 0.332258543507
bA 0.305085143844 0.309466491969 0.385448364188
bA 0.209745470719 0.344140475335 0.446114053945
dA 0.301996032541 0.316834424641 0.381169542818
dA 0.397197415791 0.265799879747 0.337002704461
dA 0.410986919403 0.268643180001 0.320369900596
dA 0.447515151131 0.246212122148 0.306272726721
dA 0.334916379861 0.292028744289 0.37305487585
dA 0.408412726786 0.269958445177 0.321628828037
dA 0.362028567567 0.298762117846 0.339209314587
dA 0.269992183965 0.328659751133 0.401348064901
dA 0.414214029582 0.25723515659 0.328550813828
dA 0.368075048704 0.296190467457 0.335734483838
dA 0.46087418698 0.24729360087 0.29183221215
dA 0.406096262065 0.26997123308 0.323932504855
dA 0.441622620206 0.24591831515 0.312459064644
dA 0.516109579474 0.230008272339 0.253882148187
dA 0.329068258244 0.297982769626 0.37294897213
dA 0.150257992372 0.350210067059 0.499531940569
dA 0.248526812114 0.338477438404 0.412995749481
dA 0.261623493092 0.320743698463 0.417632808445
dA 0.294987606807 0.305529435317 0.399482957876
dA 0.337103965009 0.298778882773 0.364117152218
dA 0.311999027997 0.313344142885 0.374656829119
dA 0.512496929777 0.224698443568 0.262804626655
dA 0.377338500474 0.272196565277 0.350464934249
dA 0.362716319768 0.302321391398 0.334962288835
dA 0.361734529829 0.293897193172 0.344368277
dA 0.296587571314 0.292420074343 0.410992354343
dA 0.264421278279 0.3172766031 0.418302118621
dA 0.281341377658 0.332661644622 0.38599697772
dA 0.365445162054 0.294003943314 0.340550894631
dA 0.430485338823 0.270646551602 0.298868109575
lA 0.54843353203 0.210018371519 0.241548096451
lA 0.43241114787 0.263582814925 0.304006037206
lA 0.364897139822 0.298787129346 0.336315730832
lA 0.382008574484 0.294202614107 0.323788811409
lA 0.339670632732 0.303422153194 0.356907214074
lA 0.414746273193 0.264067653513 0.321186073293
lA 0.524831665476 0.218441766305 0.25672656822
lA 0.339841452149 0.312661296559 0.347497251292
lA 0.418874098008 0.248749763261 0.332376138731
lA 0.332941626063 0.297741557116 0.369316816821
lA 0.296310179461 0.316542499617 0.387147320922
lA 0.359133210372 0.271295334653 0.369571454975
lA 0.53255747846 0.220767484859 0.246675036681
lA 0.439667184979 0.258377928014 0.301954887008
lA 0.472305703137 0.23469038175 0.293003915114
lA 0.372022468954 0.287331000831 0.340646530215
lA 0.390378522136 0.290543233 0.319078244863
lA 0.509150210948 0.240339782169 0.250510006883
lA 0.391514555004 0.28038911466 0.328096330336
lA 0.462790792719 0.241748975127 0.295460232154
lA 0.354778495202 0.289501959898 0.3557195449
lA 0.245013492939 0.336048180345 0.418938326716
lA 0.478096835249 0.252946071129 0.268957093622
lA 0.365407761199 0.288029824432 0.346562414369
lA 0.255924611361 0.355972310954 0.388103077685
lA 0.226492960672 0.355071947803 0.418435091524
lA 0.374598576799 0.288471648988 0.336929774213
lA 0.330502373935 0.283709310762 0.385788315303
lA 0.281893561095 0.362857434001 0.355249004904
lA 0.348880480594 0.301670918137 0.349448601269
