bA 0.216320113943 0.377212612392 0.406467273666
bA 0.375102725944 0.279077660398 0.345819613659
bA 0.238310545318 0.353773296268 0.407916158414
bA 0.374719280975 0.285098383993 0.340182335032
bA 0.372749567487 0.283154561017 0.344095871496
bA 0.314091849136 0.314165845338 0.371742305527
bA 0.267386546376 0.346722147571 0.385891306053
bA 0.322825909882 0.303062500559 0.374111589559
bA 0.331787198536 0.296215478482 0.371997322982
bA 0.334724826371 0.298230493925 0.367044679704
bA 0.357234537673 0.289422242341 0.353343219986
bA 0.345925347102 0.297711855188 0.356362797711
bA 0.294335297913 0.320719964347 0.384944737741
bA 0.347033822017 0.295367893047 0.357598284935
bA 0.326815260321 0.302992816893 0.370191922787
bA 0.315840593325 0.306235577353 0.377923829322
bA 0.345693782216 0.29011081391 0.364195403873
bA 0.347044572071 0.292851547541 0.360103880389
bA 0.33293041339 0.304989937384 0.362079649226
bA 0.340596840165 0.291613906471 0.367789253363
bA 0.358664329828 0.286946802155 0.354388868017
bA 0.333538819228 0.300722061281 0.365739119491
bA 0.38661855233 0.278302356011 0.33507909166
bA 0.373619815356 0.279650147686 0.346730036957
bA 0.363818974032 0.286393849334 0.349787176634
bA 0.350482469548 0.294338823677 0.355178706775
bA 0.401216638036 0.260523590395 0.338259771569
bA 0.387496668893 0.269674594332 0.342828736775
bA 0.332643039431 0.301599148318 0.365757812251
bA 0.303710433519 0.312324490252 0.383965076229
dA 0.332436846923 0.302783875028 0.36477927805
dA 0.352818040403 0.290898559979 0.356283399618
dA 0.353105770418 0.293948382433 0.352945847149
dA 0.385026383488 0.275838450012 0.3391351665
dA 0.354436311468 0.288331459078 0.357232229453
dA 0.347626418302 0.299866508755 0.352507072944
dA 0.329941362758 0.311287933274 0.358770703968
dA 0.322483123001 0.3072159077 0.370300969299
dA 0.379181194666 0.277270347377 0.343548457957
dA 0.329640024151 0.309684882204 0.360675093646
dA 0.370579651097 0.287279082235 0.342141266668
dA 0.35569379361 0.293578796807 0.350727409582
dA 0.386410303831 0.272759910334 0.340829785835
dA 0.370506045288 0.289459737893 0.340034216819
dA 0.327638390383 0.30044281847 0.371918791147
dA 0.310645110397 0.301000134756 0.388354754847
dA 0.313229104823 0.31120422103 0.375566674147
dA 0.339253535276 0.29442614503 0.366320319694
dA 0.341972684352 0.293509056452 0.364518259197
dA 0.342419275458 0.298737894831 0.35884282971
dA 0.339751349407 0.298638472275 0.361610178318
dA 0.398174560324 0.271555796794 0.330269642883
dA 0.354568143093 0.290370992051 0.355060864856
dA 0.335530198824 0.306121688979 0.358348112198
dA 0.343537118694 0.299140400114 0.357322481192
dA 0.348460055396 0.287198965268 0.364340979337
dA 0.327395838157 0.300797140168 0.371807021675
dA 0.321717536066 0.310608130624 0.36767433331
dA 0.339724005566 0.303387095205 0.356888899229
dA 0.356019791758 0.29664048628 0.347339721962
lA 0.398358953991 0.27380989947 0.327831146539
lA 0.351479655393 0.297351540256 0.35116880435
lA 0.325933000802 0.314034866781 0.360032132416
lA 0.331282112474 0.308928817953 0.359789069573
lA 0.339607690496 0.300947112004 0.3594451975
lA 0.373238875787 0.28538975385 0.341371370363
lA 0.387321168831 0.279071959371 0.333606871798
lA 0.311673443673 0.322625244934 0.365701311394
lA 0.383851767313 0.272330372135 0.343817860552
lA 0.346792688725 0.294415638006 0.358791673269
lA 0.335614863477 0.300336393411 0.364048743112
lA 0.376918263617 0.273602290111 0.349479446272
lA 0.383935300977 0.282476768098 0.333587930925
lA 0.364298767349 0.29033510256 0.345366130091
lA 0.365732212281 0.286316521606 0.347951266112
lA 0.348516917622 0.296207613548 0.355275468831
lA 0.345493487451 0.304783168269 0.34972334428
lA 0.347874014147 0.305991172769 0.346134813085
lA 0.352329215655 0.297279022276 0.350391762069
lA 0.375408518451 0.28274923601 0.341842245539
lA 0.345452327114 0.295656702271 0.358890970615
lA 0.29820353729 0.317982365472 0.383814097238
lA 0.344227573445 0.306435088551 0.349337338003
lA 0.338723410353 0.301380764477 0.35989582517
lA 0.290838993774 0.33137061298 0.377790393246
lA 0.298035596642 0.322158414999 0.37980598836
lA 0.338825550517 0.302206401498 0.358968047985
lA 0.366918510108 0.278943807113 0.354137682779
lA 0.281660058098 0.349307019544 0.369032922358
lA 0.317069524325 0.315629937338 0.367300538336
