bA 0.348912608807 0.296618969669 0.354468421524
bA 0.272145382629 0.350591608123 0.377263009247
bA 0.276183572862 0.332772511273 0.391043915865
bA 0.281351463123 0.349916756853 0.368731780024
bA 0.284919474796 0.344062113582 0.371018411622
bA 0.288999620254 0.339754921143 0.371245458603
bA 0.329644555738 0.313959004661 0.356396439601
bA 0.281520834142 0.335791128808 0.38268803705
bA 0.271325186523 0.34306226458 0.385612548898
bA 0.243203257611 0.364738577054 0.392058165335
bA 0.319850814121 0.322582228616 0.357566957263
bA 0.297132584209 0.335371905705 0.367495510085
bA 0.232499941185 0.367880215562 0.399619843253
bA 0.293452140261 0.336319972197 0.370227887542
bA 0.257768214723 0.354896402346 0.387335382931
bA 0.269518205868 0.346675848739 0.383805945393
bA 0.261848330933 0.351351407083 0.386800261984
bA 0.275627769171 0.345157302914 0.379214927915
bA 0.290622910517 0.339240136191 0.370136953292
bA 0.262091557301 0.351072617242 0.386835825456
bA 0.263535853398 0.351464039447 0.385000107155
bA 0.272782867221 0.346596968141 0.380620164639
bA 0.302086694652 0.344052421521 0.353860883827
bA 0.26448997867 0.357153286959 0.378356734371
bA 0.274703391988 0.349080533433 0.376216074579
bA 0.278130347176 0.34926988906 0.372599763764
bA 0.234331469986 0.372170682096 0.393497847919
bA 0.255184912531 0.359145740411 0.385669347058
bA 0.284239646733 0.340361987244 0.375398366022
bA 0.254663906093 0.351240945447 0.39409514846
dA 0.253817549185 0.359706659003 0.386475791811
dA 0.30343610503 0.330301381971 0.366262512999
dA 0.292837073101 0.337829164598 0.369333762301
dA 0.277421012785 0.350776130923 0.371802856293
dA 0.257664449903 0.356932777201 0.385402772896
dA 0.326800281127 0.316744969164 0.35645474971
dA 0.326435045474 0.319425848178 0.354139106348
dA 0.256137855712 0.356381458749 0.387480685539
dA 0.263701545039 0.35662691426 0.379671540701
dA 0.309590541618 0.328291792892 0.362117665491
dA 0.316450464251 0.327700819924 0.355848715824
dA 0.298008030162 0.336111316593 0.365880653245
dA 0.261845030585 0.357158031706 0.38099693771
dA 0.303761734235 0.336877858093 0.359360407672
dA 0.232373621318 0.363924281728 0.403702096954
dA 0.200347366664 0.382988998222 0.416663635113
dA 0.257696316503 0.353381630872 0.388922052624
dA 0.236142391917 0.367951943216 0.395905664867
dA 0.263317339882 0.351105944781 0.385576715336
dA 0.270775206662 0.351762173576 0.377462619762
dA 0.24155791929 0.367974875393 0.390467205317
dA 0.259553501559 0.364759348157 0.375687150284
dA 0.311449118109 0.326135507651 0.36241537424
dA 0.266343042292 0.353782688924 0.379874268784
dA 0.272428986781 0.349855699904 0.377715313314
dA 0.255350955903 0.350294780806 0.394354263291
dA 0.264181012476 0.348281150694 0.38753783683
dA 0.250539058134 0.362116777709 0.387344164158
dA 0.293284674218 0.339234740537 0.367480585245
dA 0.272962851457 0.353991491484 0.373045657059
lA 0.299373408189 0.340341422712 0.360285169099
lA 0.296130148708 0.335702263056 0.368167588236
lA 0.315945903335 0.323806843575 0.36024725309
lA 0.283943442663 0.343214305828 0.372842251508
lA 0.269975659277 0.35075501638 0.379269324342
lA 0.292450825749 0.341686228059 0.365862946192
lA 0.306802832771 0.333499482155 0.359697685074
lA 0.308317370321 0.32851969902 0.363162930659
lA 0.283619503825 0.343054089922 0.373326406253
lA 0.267847983172 0.351485622097 0.380666394731
lA 0.25225098467 0.360438277324 0.387310738006
lA 0.253592993766 0.359823959102 0.386583047133
lA 0.299110079046 0.340086156625 0.360803764329
lA 0.28939922713 0.342667161078 0.367933611792
lA 0.315096128819 0.324123904029 0.360779967152
lA 0.279070542607 0.346890938201 0.374038519192
lA 0.289853373103 0.343966319989 0.366180306907
lA 0.340563495564 0.315274433946 0.344162070489
lA 0.281726862971 0.344744466844 0.373528670185
lA 0.296846464884 0.337053710964 0.366099824152
lA 0.307934112363 0.328833488228 0.363232399408
lA 0.281266568941 0.336119905636 0.382613525423
lA 0.325806716248 0.321417955208 0.352775328544
lA 0.297188871337 0.333045516839 0.369765611825
lA 0.272226810372 0.343043050649 0.384730138979
lA 0.254589827115 0.356716949689 0.388693223197
lA 0.271039677158 0.348185329205 0.380774993637
lA 0.255765139717 0.357721610322 0.38651324996
lA 0.328459167325 0.30370164213 0.367839190545
lA 0.254412405986 0.354400221296 0.391187372717
