bA 0.737145045572 0.140611555139 0.122243399288
bA 0.30888412803 0.345434411937 0.345681460033
bA 0.329750952735 0.347996111138 0.322252936127
bA 0.27241560141 0.307078932568 0.420505466022
bA 0.275439837486 0.247493848106 0.477066314407
bA 0.304260013405 0.343781983142 0.351958003453
bA 0.18473149179 0.185914903823 0.629353604387
bA 0.310040083618 0.320404158742 0.36955575764
bA 0.334450554631 0.337811429782 0.327738015587
bA 0.287987459515 0.321279582557 0.390732957928
bA 0.354525081255 0.383962305866 0.261512612879
bA 0.293015181624 0.335946076227 0.37103874215
bA 0.256812082394 0.332652463524 0.410535454082
bA 0.293910275767 0.323802925584 0.382286798649
bA 0.291260194062 0.323091067228 0.38564873871
bA 0.308554805821 0.298855845691 0.392589348488
bA 0.317937708132 0.329189749705 0.352872542162
bA 0.301648768065 0.32432744726 0.374023784675
bA 0.289870007036 0.327374664021 0.382755328944
bA 0.326023291705 0.323291117002 0.350685591292
bA 0.284983467823 0.326366490733 0.388650041445
bA 0.299692966596 0.340738431691 0.359568601714
bA 0.242603101627 0.165666368917 0.591730529456
bA 0.30546144312 0.32917017018 0.3653683867
bA 0.299513843779 0.311450356423 0.389035799798
bA 0.3541205685 0.328479727958 0.317399703543
bA 0.43690851523 0.299850070702 0.263241414068
bA 0.311252265941 0.314049050351 0.374698683709
bA 0.32241088325 0.339781571851 0.337807544899
bA 0.288423191759 0.345370120483 0.366206687758
dA 0.273324278896 0.33778057824 0.388895142864
dA 0.281272858513 0.265019073949 0.453708067538
dA 0.285402903757 0.265398547191 0.449198549051
dA 0.28795574264 0.299836687742 0.412207569618
dA 0.276239671424 0.334326371308 0.389433957268
dA 0.279814256281 0.350369940553 0.369815803165
dA 0.420208664616 0.250177463516 0.329613871869
dA 0.292690729361 0.278777476933 0.428531793706
dA 0.336605373058 0.311538264905 0.351856362036
dA 0.318647550792 0.28710187144 0.394250577768
dA 0.297953929074 0.310726117874 0.391319953053
dA 0.453107944776 0.267443696546 0.279448358678
dA 0.284820958144 0.31275090618 0.402428135675
dA 0.23090887161 0.312839307965 0.456251820424
dA 0.321380103657 0.325628375094 0.352991521249
dA 0.284477038194 0.343032217435 0.372490744371
dA 0.235088208393 0.349983112937 0.414928678671
dA 0.293558601083 0.318432554214 0.388008844703
dA 0.272718144735 0.344557527191 0.382724328074
dA 0.34231413463 0.336236837214 0.321449028156
dA 0.234097968645 0.316950274763 0.448951756592
dA 0.208504016403 0.268122416968 0.523373566629
dA 0.433308069036 0.270044825144 0.29664710582
dA 0.322930071905 0.321380675648 0.355689252447
dA 0.254449935102 0.327699965301 0.417850099597
dA 0.361136496401 0.315260428081 0.323603075518
dA 0.29048013175 0.252521331677 0.456998536573
dA 0.275361698835 0.356515125049 0.368123176116
dA 0.367173486729 0.268103036982 0.364723476289
dA 0.310139970643 0.302484555858 0.387375473499
lA 0.315786813245 0.318397404956 0.365815781799
lA 0.33437028874 0.350411690103 0.315218021157
lA 0.417456122429 0.294954402379 0.287589475192
lA 0.32399736319 0.334333650138 0.341668986671
lA 0.321422669094 0.369681132524 0.308896198383
lA 0.336779083093 0.347495726848 0.31572519006
lA 0.390518187844 0.282020194165 0.327461617991
lA 0.289346131036 0.383975974526 0.326677894438
lA 0.344539046845 0.321026694912 0.334434258243
lA 0.312194242499 0.334971783643 0.352833973858
lA 0.310950025166 0.334830838253 0.354219136581
lA 0.342832997973 0.326310103975 0.330856898052
lA 0.312440041684 0.326717395732 0.360842562584
lA 0.309527824645 0.343990645202 0.346481530153
lA 0.392160525793 0.390353315134 0.217486159073
lA 0.31360575082 0.341319703639 0.345074545542
lA 0.379415822036 0.304548797376 0.316035380588
lA 0.24328168948 0.320473484047 0.436244826473
lA 0.455512889014 0.341522176673 0.202964934314
lA 0.407155667346 0.309870397106 0.282973935548
lA 0.453430518236 0.266967650676 0.279601831087
lA 0.333281845404 0.270750337591 0.395967817005
lA 0.412187785251 0.243575756237 0.344236458512
lA 0.364119243315 0.329810908388 0.306069848297
lA 0.431771521418 0.355394215291 0.212834263292
lA 0.377901592092 0.255190089817 0.366908318091
lA 0.377544841515 0.353343929006 0.269111229479
lA 0.35694733597 0.353409667564 0.289642996466
lA 0.224698258685 0.309584890096 0.465716851219
lA 0.366852512297 0.343558404409 0.289589083295
