bA 0.86190337363 0.0648744842917 0.073222142078
bA 0.161181156556 0.345832977405 0.492985866038
bA 0.623082019336 0.16108369616 0.215834284505
bA 0.169083017667 0.355732384553 0.47518459778
bA 0.210456573125 0.328065543315 0.461477883559
bA 0.298412160818 0.303070677953 0.398517161228
bA 0.56245438825 0.197816285946 0.239729325803
bA 0.280684096645 0.292137067101 0.427178836253
bA 0.240429997335 0.305555931433 0.454014071232
bA 0.145249097196 0.35249303121 0.502257871594
bA 0.306276808248 0.291264750431 0.402458441322
bA 0.302370101141 0.296949347924 0.400680550935
bA 0.185255063804 0.344763257143 0.469981679053
bA 0.275998338953 0.303326451969 0.420675209077
bA 0.211963032496 0.328754865481 0.459282102023
bA 0.278470784155 0.295811514662 0.425717701183
bA 0.215808546853 0.319917246842 0.464274206305
bA 0.24571541898 0.313646923494 0.440637657526
bA 0.296089254723 0.30290776718 0.401002978098
bA 0.186754410872 0.325867163804 0.487378425324
bA 0.182958007206 0.336579756962 0.480462235832
bA 0.238632712607 0.317620198617 0.443747088776
bA 0.194759984072 0.341493869468 0.46374614646
bA 0.138094918155 0.355355605206 0.506549476639
bA 0.176580655318 0.342882367429 0.480536977253
bA 0.17437853629 0.349643567973 0.475977895737
bA 0.0751401945733 0.362777093277 0.56208271215
bA 0.128183668448 0.351278493947 0.520537837605
bA 0.272247753157 0.304657822003 0.423094424839
bA 0.259399317817 0.305083416533 0.43551726565
dA 0.156863305936 0.353920059502 0.489216634563
dA 0.214853135893 0.324456572871 0.460690291236
dA 0.277050609334 0.307645633227 0.415303757439
dA 0.127379724902 0.359142138375 0.513478136722
dA 0.158121447434 0.345322401184 0.496556151382
dA 0.353568970722 0.275090639007 0.37134039027
dA 0.388963465808 0.266004775192 0.345031759
dA 0.178818687918 0.343293952817 0.477887359265
dA 0.106416768548 0.363558764572 0.53002446688
dA 0.331911790589 0.290193416095 0.377894793316
dA 0.272305031319 0.310969293174 0.416725675507
dA 0.226677342438 0.327626667853 0.445695989709
dA 0.124706202242 0.357880645178 0.51741315258
dA 0.208347324461 0.343855996825 0.447796678714
dA 0.140312637992 0.35057539905 0.509111962957
dA 0.0902316090041 0.354408842773 0.555359548223
dA 0.253066302851 0.31415025716 0.432783439989
dA 0.112665617746 0.358427457589 0.528906924666
dA 0.211603071912 0.321914353236 0.466482574853
dA 0.160142959432 0.351733104216 0.488123936352
dA 0.120808750483 0.367272114672 0.511919134844
dA 0.0723566504648 0.38768358842 0.539959761116
dA 0.254902495274 0.307901768073 0.437195736654
dA 0.177691916645 0.354688319452 0.467619763903
dA 0.195632494909 0.340937021131 0.46343048396
dA 0.178886547139 0.323351614431 0.497761838429
dA 0.185730394313 0.330221813253 0.484047792434
dA 0.159390716306 0.356095362588 0.484513921106
dA 0.244043154328 0.324083112049 0.431873733624
dA 0.152576068419 0.366188348965 0.481235582616
lA 0.153464067973 0.36008523163 0.486450700397
lA 0.219002883705 0.333185105436 0.447812010859
lA 0.323068632866 0.292954929224 0.38397643791
lA 0.232758823806 0.333741559403 0.433499616792
lA 0.213224879765 0.333808523481 0.452966596754
lA 0.175182781863 0.344255510364 0.480561707772
lA 0.175819532446 0.347886191634 0.476294275919
lA 0.30162911876 0.305142399904 0.393228481336
lA 0.174869788196 0.333977682377 0.491152529427
lA 0.178362222716 0.340482179454 0.481155597831
lA 0.137348847456 0.360436978531 0.502214174012
lA 0.108107907276 0.355262941036 0.536629151688
lA 0.195021520267 0.347708523469 0.457269956264
lA 0.18508822659 0.345434056349 0.469477717061
lA 0.200114867055 0.329591253421 0.470293879524
lA 0.196401041032 0.340383774577 0.463215184392
lA 0.223005095274 0.338107520217 0.438887384509
lA 0.316786536072 0.303641133781 0.379572330147
lA 0.173792139514 0.349726613585 0.476481246901
lA 0.171376406766 0.344714474971 0.483909118263
lA 0.308185968997 0.293936572025 0.397877458978
lA 0.377587269268 0.262252117257 0.360160613475
lA 0.338556912112 0.293370546603 0.368072541285
lA 0.245816542344 0.318126536912 0.436056920743
lA 0.310477908084 0.302135038972 0.387387052945
lA 0.197097345764 0.342354324212 0.460548330023
lA 0.165319490908 0.35120775694 0.483472752152
lA 0.123211646824 0.352264115473 0.524524237703
lA 0.518293225644 0.220509227351 0.261197547005
lA 0.248462486223 0.315622474272 0.435915039504
