bA 0.363450978198 0.325807243335 0.310741778467
bA 0.383546513556 0.232656881504 0.38379660494
bA 0.348922290024 0.297395133299 0.353682576677
bA 0.39156390259 0.234741865426 0.373694231984
bA 0.381420988571 0.244922924406 0.373656087023
bA 0.370896561675 0.260999197387 0.368104240938
bA 0.377181453172 0.285229086789 0.337589460039
bA 0.369217105435 0.252826677283 0.377956217281
bA 0.368883851116 0.247733110627 0.383383038256
bA 0.351219081109 0.247500672778 0.401280246113
bA 0.405618841207 0.24041883183 0.353962326963
bA 0.387564391182 0.249741460995 0.362694147823
bA 0.331571907315 0.263813429405 0.404614663281
bA 0.385236621224 0.247005315743 0.367758063033
bA 0.357542551512 0.25264830867 0.389809139818
bA 0.351837612337 0.263342636408 0.384819751255
bA 0.368830418804 0.244045530965 0.387124050232
bA 0.378869076133 0.244055758316 0.377075165552
bA 0.379364289487 0.253159358515 0.367476351998
bA 0.361982956548 0.244658102144 0.393358941308
bA 0.380721047041 0.233505941577 0.385773011382
bA 0.367813975896 0.251690261694 0.38049576241
bA 0.387925076918 0.24013513209 0.371939790993
bA 0.376457969039 0.232783630311 0.39075840065
bA 0.381159448148 0.235983548749 0.382857003103
bA 0.374499211945 0.24638402948 0.379116758575
bA 0.370078853937 0.216484160146 0.413436985918
bA 0.37981246429 0.225326738484 0.394860797226
bA 0.373976479884 0.252221438742 0.373802081374
bA 0.351788517837 0.256741511168 0.391469970995
dA 0.359944346305 0.247249221705 0.39280643199
dA 0.395872393725 0.235199360149 0.368928246126
dA 0.393797851121 0.243818993144 0.362383155735
dA 0.385062472662 0.231598045789 0.383339481549
dA 0.367993424234 0.239009250029 0.392997325737
dA 0.409776066307 0.245058450933 0.34516548276
dA 0.395115489241 0.258306088311 0.346578422448
dA 0.356725978863 0.252239211281 0.391034809856
dA 0.380503889632 0.225541524194 0.393954586174
dA 0.390181809413 0.254482624917 0.35533556567
dA 0.405972296238 0.240585772325 0.353441931438
dA 0.394888371982 0.240267195916 0.364844432102
dA 0.383997077688 0.225300737053 0.390702185259
dA 0.404431759247 0.234472155207 0.361096085547
dA 0.363047171346 0.235335872664 0.40161695599
dA 0.313433005586 0.247815743806 0.438751250609
dA 0.354567559425 0.259537474725 0.38589496585
dA 0.34701425519 0.241927436402 0.411058308408
dA 0.365623020863 0.24589186144 0.388485117696
dA 0.372420100059 0.242189675514 0.385390224427
dA 0.353308751663 0.243409143947 0.40328210439
dA 0.384159676043 0.219650672551 0.396189651406
dA 0.397119647984 0.240597335654 0.362283016362
dA 0.370072705252 0.248836997931 0.381090296817
dA 0.373287394235 0.246866283138 0.379846322626
dA 0.373557686694 0.237033960818 0.389408352488
dA 0.363567552049 0.245683233837 0.390749214114
dA 0.351879812125 0.252691822882 0.395428364993
dA 0.382522802366 0.249726871601 0.367750326032
dA 0.381213592546 0.239639110168 0.379147297286
lA 0.407318952704 0.226899612851 0.365781434445
lA 0.395851099338 0.240060420557 0.364088480105
lA 0.393605053657 0.254098631065 0.352296315278
lA 0.380965521253 0.249151700598 0.369882778149
lA 0.370460559542 0.248229992567 0.381309447892
lA 0.390196362264 0.236030237384 0.373773400352
lA 0.411169199183 0.226937833561 0.361892967256
lA 0.389945989852 0.255651891977 0.354402118171
lA 0.392207032026 0.229572457231 0.378220510744
lA 0.368892990476 0.245720752687 0.385386256838
lA 0.361197824315 0.244714046144 0.394088129541
lA 0.369941832711 0.228221731666 0.401836435623
lA 0.405948207656 0.232013230982 0.362038561362
lA 0.392555172211 0.236089395168 0.371355432621
lA 0.409895965795 0.226773775134 0.363330259071
lA 0.378214116225 0.244575816013 0.377210067762
lA 0.382108111113 0.249512415307 0.368379473581
lA 0.413217120532 0.244356706022 0.342426173445
lA 0.38745630692 0.238231261766 0.374312431314
lA 0.399781427115 0.229323677955 0.37089489493
lA 0.389059222574 0.248148855507 0.362791921919
lA 0.367722250932 0.263327185936 0.368950563132
lA 0.409903771993 0.247876479195 0.342219748812
lA 0.388912544369 0.245710981887 0.365376473744
lA 0.365164184469 0.26571295493 0.369122860602
lA 0.349503812839 0.262038517161 0.38845767
lA 0.377839547334 0.239499849536 0.38266060313
lA 0.370885353245 0.232553088327 0.396561558428
lA 0.416895499757 0.266891968509 0.316212531734
lA 0.378040188143 0.248440726454 0.373519085402
