80
0 0.475 0.425 0.1
0 0.475 0.3875 0.1375
0 0.4875 0.3125 0.2
0 0.475 0.35 0.175
0 0.4875 0.3875 0.125
0 0.475 0.3875 0.1375
0 0.475 0.4 0.125
0 0.475 0.3625 0.1625
0 0.475 0.35 0.175
0 0.4875 0.35 0.1625
0 0.475 0.375 0.15
0 0.475 0.4 0.125
0 0.4875 0.3375 0.175
0 0.475 0.3625 0.1625
0 0.475 0.3625 0.1625
0 0.4875 0.35 0.1625
0 0.4875 0.3625 0.15
1 0.425 0.4375 0.1375
1 0.425 0.3875 0.1875
1 0.45 0.4375 0.1125
1 0.4375 0.4625 0.1
1 0.4625 0.425 0.1125
1 0.425 0.45 0.125
1 0.45 0.475 0.075
1 0.45 0.4125 0.1375
1 0.45 0.3375 0.2125
1 0.4625 0.4625 0.075
1 0.3875 0.475 0.1375
1 0.375 0.4875 0.1375
1 0.3875 0.5 0.1125
1 0.4125 0.45 0.1375
1 0.4625 0.3875 0.15
1 0.4375 0.45 0.1125
1 0.425 0.4625 0.1125
2 0.2625 0.25 0.4875
2 0.2625 0.25 0.4875
2 0.3 0.25 0.45
2 0.3 0.2375 0.4625
2 0.3 0.2625 0.4375
2 0.275 0.3375 0.3875
2 0.25 0.275 0.475
2 0.275 0.25 0.475
2 0.225 0.275 0.5
2 0.2875 0.225 0.4875
2 0.2875 0.2375 0.475
2 0.325 0.2875 0.3875
2 0.3625 0.2625 0.375
2 0.275 0.2375 0.4875
2 0.2625 0.3 0.4375
2 0.2625 0.25 0.4875
2 0.2875 0.2125 0.5
