50
0 0.66 0.32 0.02
0 0.64 0.34 0.02
0 0.7 0.26 0.04
0 0.74 0.24 0.02
0 0.72 0.28 0.0
0 0.66 0.32 0.02
0 0.66 0.32 0.02
0 0.64 0.36 0.0
0 0.72 0.24 0.04
0 0.68 0.3 0.02
0 0.7 0.28 0.02
0 0.66 0.32 0.02
0 0.72 0.22 0.06
0 0.64 0.34 0.02
0 0.7 0.28 0.02
0 0.74 0.26 0.0
0 0.72 0.28 0.0
1 0.48 0.5 0.02
1 0.42 0.48 0.1
1 0.48 0.5 0.02
1 0.36 0.62 0.02
1 0.42 0.56 0.02
1 0.42 0.58 0.0
1 0.34 0.64 0.02
1 0.52 0.46 0.02
1 0.48 0.42 0.1
1 0.46 0.52 0.02
1 0.38 0.6 0.02
1 0.3 0.68 0.02
1 0.32 0.66 0.02
1 0.38 0.6 0.02
1 0.46 0.42 0.12
1 0.5 0.48 0.02
1 0.4 0.58 0.02
2 0.2 0.12 0.68
2 0.16 0.12 0.72
2 0.26 0.2 0.54
2 0.16 0.14 0.7
2 0.18 0.22 0.6
2 0.2 0.28 0.52
2 0.16 0.16 0.68
2 0.16 0.1 0.74
2 0.1 0.16 0.74
2 0.2 0.1 0.7
2 0.18 0.14 0.68
2 0.24 0.3 0.46
2 0.3 0.18 0.52
2 0.14 0.08 0.78
2 0.16 0.26 0.58
2 0.14 0.12 0.74
2 0.12 0.14 0.74
