0 0.999842775147 0.00015722084091 4.01167214462e-09
0 0.997368846606 0.00263115336994 2.45444135233e-11
0 0.999999983535 1.64654613499e-08 7.97230365234e-15
0 0.438881946014 0.561118042264 1.17228851796e-08
0 0.997526617136 0.00247336653763 1.63264743977e-08
0 0.997365179446 0.00263481980939 7.44698226015e-10
0 0.583594689951 0.416383208208 2.21018403733e-05
0 0.999999999963 3.73382969937e-11 3.45547337068e-23
0 0.999999999999 1.44386905286e-12 3.10338226964e-14
0 0.989169502024 0.010830497963 1.28820002053e-11
0 0.786424935938 0.212107953736 0.00146711032616
0 0.999999999862 1.38340708014e-10 1.18312468072e-16
0 1.0 9.46189318836e-15 1.50146834976e-17
0 0.999999988098 1.19015033052e-08 1.47395026282e-17
0 0.999969345443 3.06545072681e-05 4.98636210554e-11
0 0.999999948455 5.15197997185e-08 2.5116466286e-11
0 0.999999999993 7.36632728029e-12 9.96608137974e-21
0 0.999965735417 3.06759206068e-05 3.58866208374e-06
0 0.999999997039 2.96051881358e-09 7.40320442602e-19
0 0.999999626697 3.73293867518e-07 9.26107177474e-12
0 0.999531261689 0.00046873829623 1.51235518896e-11
0 0.999724707821 0.000275291978325 2.00686382902e-10
0 0.698467918552 0.30132432962 0.000207751828387
0 0.627729971322 0.372265456623 4.5720547553e-06
0 0.999999127235 8.72764572518e-07 3.62618245418e-15
0 0.918340363389 0.0813995209756 0.000260115635635
0 0.999999857082 1.42917554468e-07 2.23799414441e-15
0 0.999998957929 1.04207080733e-06 1.49973460167e-14
0 0.999993213703 6.78628279163e-06 1.41911277107e-11
0 0.951107287023 0.0488927129769 2.56992291138e-13
1 0.0139677395713 0.983826992822 0.00220526760645
1 0.0017167557208 0.998283083401 1.6087823694e-07
1 0.0893993114167 0.909788228805 0.000812459778418
1 0.00498167175137 0.994822405014 0.000195923235059
1 0.208498480962 0.791501195265 3.23772714254e-07
1 0.0879035277922 0.911820197615 0.000276274592627
1 0.0125574430051 0.987441122417 1.43457811337e-06
1 0.00123933380506 0.998717870855 4.27953401033e-05
1 0.948039087542 0.00807923476877 0.0438816776889
1 2.80694515266e-05 0.999971921786 8.76209225905e-09
1 0.0153102867243 0.984687393008 2.320267755e-06
1 0.00892501935328 0.991043470289 3.15103580967e-05
1 0.0216724420999 0.978327531448 2.64525501785e-08
1 9.09580525831e-05 0.999888193079 2.08488686365e-05
1 0.0585350608482 0.941172142007 0.000292797144857
1 0.561339727958 0.438660249005 2.30378691356e-08
1 0.918362166922 0.0816377926632 4.04150562191e-08
1 0.000291548591499 0.99969556461 1.28867981831e-05
1 0.00645401980593 0.993472121343 7.38588514992e-05
1 0.00129946500724 0.998698947418 1.58757464014e-06
1 0.0124365207554 0.987563341134 1.3811015766e-07
1 0.00334112477325 0.996658867522 7.70460748426e-09
1 0.00947759975118 0.990520651 1.74924895103e-06
1 0.000581405280884 0.149200730613 0.850217864106
1 9.58602568938e-05 0.999883363858 2.07758854936e-05
1 4.33585966873e-06 0.996314373958 0.00368129018225
1 0.000784095937592 0.999019016937 0.000196887124981
1 0.896536641908 0.0892676481934 0.0141957098988
1 0.0882209007148 0.911638502066 0.000140597219299
1 0.0302178034123 0.883447450189 0.0863347463988
2 0.000795903768852 0.244427967302 0.754776128929
2 5.10210016192e-08 0.000131063530225 0.999868885449
2 5.9060813494e-07 0.00867582488703 0.991323584505
2 0.0002493702111 0.00431235060774 0.995438279181
2 0.000225780077265 2.47830819029e-05 0.999749436841
2 0.00085297763745 0.0425540792619 0.956592943101
2 4.45046120742e-09 0.0847493845395 0.91525061101
2 2.36424936956e-09 0.00509189852238 0.994908099113
2 0.999901285907 9.85547005072e-05 1.59392973489e-07
2 1.80625523423e-05 0.997933883542 0.00204805390594
2 0.0432982634214 0.940311144784 0.0163905917948
2 0.832962823165 0.101350973176 0.0656862036584
2 7.03258314187e-06 0.0903961518007 0.909596815616
2 0.000739852609328 0.00251530325081 0.99674484414
2 1.05574832729e-10 0.000401982924384 0.99959801697
2 0.000318249621762 0.0204376927504 0.979244057628
2 0.000172053076835 0.0170857652188 0.982742181704
2 0.000200339459291 0.00548083773432 0.994318822806
2 0.00295869854644 0.00798647528709 0.989054826166
2 0.00245702811622 0.199427780957 0.798115190927
2 0.000973465795724 0.580220474978 0.418806059226
2 0.000860699185938 2.48841313547e-06 0.999136812401
2 7.30034547992e-10 0.00023048386608 0.999769515404
2 0.00221571966594 0.070949871192 0.926834409142
2 0.000856279038701 0.0166023396804 0.982541381281
2 0.0154897910437 0.0713773627607 0.913132846196
2 1.63313116249e-09 0.0927760371978 0.907223961169
2 6.48752519876e-07 0.0756970312117 0.924302320036
2 0.291752356023 0.0392992580511 0.668948385926
2 0.000197480014973 0.808341439158 0.191461080827
