0 0.585997012188 0.00130605917104 0.412696928641
0 0.00756079754362 0.98631053347 0.00612866898679
0 0.953863203559 4.1465425904e-06 0.0461326498981
0 0.848116217863 3.46192464555e-16 0.151883782137
0 0.49285068542 0.151442490718 0.355706823861
0 0.376798425153 0.000722965950655 0.622478608897
0 0.993976280856 0.00461086142221 0.0014128577214
0 0.939002968942 0.0609970261132 4.94478130699e-09
0 0.999198313329 1.60260624496e-11 0.000801686655065
0 0.999993750445 3.11486738476e-14 6.24955479743e-06
0 0.0297785947407 0.00535209928554 0.964869305974
0 0.999987664307 1.23356916232e-05 1.280186915e-12
0 0.999587971675 3.95687302531e-22 0.000412028325037
0 0.00247663294212 0.010297440564 0.987225926494
0 0.996057914329 5.52407305395e-09 0.00394208014675
0 0.9114115862 1.24348689561e-08 0.0885884013646
0 0.989001272013 9.30014004825e-07 0.0109977979728
0 1.45924075287e-05 9.74416711732e-08 0.999985310151
0 1.00694266807e-05 1.26702616706e-08 0.999989917903
0 0.999624918644 3.01283142467e-09 0.000375078342681
0 5.53168803733e-06 8.64941437223e-06 0.999985818898
0 0.00208062501399 1.29393329382e-15 0.997919374986
0 0.99215240613 1.20134894828e-05 0.00783558038079
0 0.46312869241 0.000243000626078 0.536628306964
0 8.90157934189e-11 0.000208994847349 0.999791005064
0 0.982440490301 0.000724800357169 0.0168347093423
0 0.99542331026 4.99834219005e-07 0.0045761899056
0 3.89817126369e-06 0.00597604496044 0.994020056868
0 0.0946219430625 0.00384816345352 0.901529893484
0 0.568832232618 4.88534899915e-06 0.431162882033
1 2.24314065053e-07 0.998780161567 0.00121961411903
1 0.141934150445 0.858051712151 1.41374042149e-05
1 1.05049925837e-09 0.999995670067 4.3288823445e-06
1 0.686542470859 0.313457529138 3.56417555537e-12
1 1.07154288878e-07 0.999999882708 1.01377698593e-08
1 0.00237030087654 0.87911707795 0.118512621173
1 0.000807526739012 0.191390292811 0.80780218045
1 0.423337461251 0.410250132865 0.166412405884
1 0.654980939013 0.345019060987 2.71997246538e-15
1 0.682566422842 0.317272752753 0.000160824405737
1 8.51877095963e-09 0.999999892269 9.92127246287e-08
1 0.866122780996 0.133877218665 3.38183482708e-10
1 0.020412290815 0.979587709184 5.22256260189e-13
1 2.62376961561e-13 4.58383370833e-18 1.0
1 5.49589718519e-05 0.994793292809 0.00515174821923
1 0.180347886565 1.3096168197e-13 0.819652113435
1 5.71097110048e-09 0.823755247012 0.176244747277
1 0.999911903144 4.17773731265e-10 8.80964379987e-05
1 0.618143883673 0.026996967577 0.35485914875
1 0.00323440931811 0.996694964699 7.06259830069e-05
1 2.7920657631e-15 0.999998752034 1.24796617894e-06
1 0.0794546561222 0.920380080241 0.000165263636278
1 0.998260269005 0.000742610209094 0.000997120785906
1 7.8670170002e-08 0.999999921328 1.70304656177e-12
1 0.733752182682 0.0551177609778 0.21113005634
1 0.99967559658 1.44600152851e-05 0.000309943404659
1 0.620883053221 1.27825897368e-06 0.37911566852
1 0.000151464758608 0.999848233336 3.01905353873e-07
1 0.0444127090096 0.952626001931 0.00296128905905
1 0.137762492035 0.862237507963 1.64971675209e-12
2 1.0 6.21388334875e-15 4.12843353059e-34
2 2.35012498344e-09 2.11674909302e-08 0.999999976482
2 0.667601457197 0.0217407427906 0.310657800012
2 2.43585216596e-05 7.52366330133e-08 0.999975566242
2 0.997021636268 5.55101697206e-09 0.00297835818048
2 0.809988988518 0.0317064220706 0.158304589412
2 0.247624684966 0.752357673267 1.764176641e-05
2 0.35709133463 7.25332815478e-05 0.642836132089
2 0.994111426282 1.27127609374e-05 0.00587586095689
2 0.999975634282 6.70247290363e-06 1.76632453697e-05
2 0.999961699366 8.79557141337e-21 3.83006343325e-05
2 0.085021856344 8.31930505974e-11 0.914978143573
2 0.989196237629 0.0108037623713 4.51783737561e-34
2 1.04919401932e-12 0.999993706568 6.29343067722e-06
2 0.532627539705 0.46737092875 1.53154560851e-06
2 0.993371216835 9.13790157141e-08 0.00662869178617
2 2.1835398958e-10 1.96934511261e-13 0.999999999781
2 0.00218904282769 0.90123170378 0.0965792533922
2 0.00256889103109 8.32140068756e-06 0.997422787568
2 9.74610902742e-05 0.00145396821289 0.998448570697
2 1.96661841e-05 0.987270902079 0.0127094317373
2 0.223074563676 2.76316434323e-05 0.77689780468
2 0.978010761757 6.74136120454e-07 0.0219885641066
2 0.893744562739 7.73682345712e-05 0.106178069027
2 0.999999238132 6.11506040986e-10 7.61256297957e-07
2 0.0553098510351 3.67409294789e-06 0.944686474872
2 0.99915431174 7.63987077253e-05 0.000769289552149
2 0.99999899949 1.00050724465e-06 2.37268404885e-12
2 0.232903837738 0.104128462124 0.662967700138
2 0.555641704162 1.34349848285e-06 0.44435695234
