0 0.0468868109214 2.49293594109e-08 0.953113164149
0 0.921687563631 7.62444431842e-13 0.0783124363682
0 0.999999997249 2.96389711302e-13 2.75045311267e-09
0 0.000754501601295 5.55691075828e-07 0.999244942708
0 0.993215173223 0.00161857813459 0.00516624864225
0 0.998728393912 5.33335839745e-10 0.00127160555499
0 0.995117412223 2.63723589152e-05 0.00485621541846
0 0.0011237078957 2.42224771845e-19 0.998876292104
0 0.999483851469 2.01715243115e-20 0.000516148531216
0 0.998607878157 6.501293608e-07 0.00139147171336
0 0.427356038187 0.0091716586729 0.56347230314
0 0.999995996308 2.23118768864e-11 4.00366991309e-06
0 1.0 7.91427915331e-22 1.96664498415e-18
0 0.999996078363 3.49759323764e-15 3.9216368827e-06
0 0.663001906357 1.38612333838e-14 0.336998093643
0 0.999919943607 8.61219055802e-16 8.00563926827e-05
0 0.999999982305 5.53547735499e-15 1.76947386704e-08
0 0.701298654349 3.21392034706e-06 0.298698131731
0 0.00247830327341 1.45530034636e-14 0.997521696727
0 0.999998562638 3.99192009476e-22 1.43736195726e-06
0 7.23252786252e-14 3.34172203782e-14 1.0
0 0.99913584891 3.57739248783e-20 0.000864151090084
0 0.972844980339 0.000125672598474 0.0270293470625
0 0.18903347783 3.06381631646e-14 0.81096652217
0 0.999999992548 1.70933963403e-13 7.45183437166e-09
0 0.999980517809 7.01577660773e-08 1.94120332554e-05
0 0.999967033961 1.31963748434e-14 3.29660385455e-05
0 0.824957142126 1.43137987999e-09 0.175042856443
0 0.999999948164 5.18298746049e-08 6.1418030422e-12
0 0.00212815916802 0.997803574646 6.82661858438e-05
1 0.0318420459712 0.96814723155 1.07224785213e-05
1 7.05425245287e-21 0.850050936134 0.149949063866
1 0.000717600075782 0.990745847396 0.00853655252864
1 1.61757537131e-10 0.999984030113 1.59697256543e-05
1 8.66117061327e-07 0.978586025182 0.0214131087011
1 1.19358175269e-09 0.999995621202 4.37760452447e-06
1 6.04921637626e-05 0.99990153334 3.79744958291e-05
1 0.000591845780311 0.999334421676 7.37325440139e-05
1 1.08349546928e-07 3.5015177271e-07 0.999999541499
1 0.00243164130292 0.604781154242 0.392787204456
1 1.05451766893e-09 0.996427125932 0.00357287301311
1 9.74771347289e-11 0.999999764625 2.35277304739e-07
1 2.46827254575e-05 0.656385726818 0.343589590457
1 0.000550351874714 4.80533789009e-08 0.999449600072
1 0.00129319721539 0.983007509125 0.0156992936596
1 0.996500403231 0.00349959676871 1.74595144406e-13
1 0.00451930941511 0.995412751442 6.79391424615e-05
1 5.68334186613e-11 0.999999999943 8.69163341368e-23
1 0.324823090338 0.000873088789997 0.674303820872
1 1.6558091096e-07 0.998896152087 0.00110368233251
1 0.00189849522082 0.998101504779 6.98243316903e-14
1 0.000573874433441 0.000226400898128 0.999199724668
1 3.78314749471e-18 0.23690979205 0.76309020795
1 0.0337024481511 0.965909116733 0.000388435115759
1 8.00420257899e-09 3.87030975521e-11 0.999999991957
1 3.77918994062e-13 0.0256631824663 0.974336817533
1 0.000874835192232 1.2166107901e-17 0.999125164808
1 0.355396396696 0.644603591383 1.19215599566e-08
1 2.15944963073e-06 5.41171751782e-05 0.999943723375
1 3.21691893248e-12 1.74402277424e-07 0.999999825595
2 0.351534776443 0.647879960569 0.00058526298784
2 3.89529327109e-20 3.0728029898e-05 0.99996927197
2 4.46626451384e-07 0.000140073959409 0.999859479414
2 1.28795075287e-10 6.22232140237e-17 0.999999999871
2 0.0242710378883 8.26022436623e-12 0.975728962103
2 1.6691824612e-05 0.983253911724 0.016729396451
2 0.907327531973 0.0921302549868 0.000542213040122
2 0.972522271599 0.000169431582912 0.0273082968184
2 3.99636167067e-21 1.17956817154e-10 0.999999999882
2 0.926449348585 1.20757678089e-06 0.0735494438385
2 0.997636627548 5.83731982608e-11 0.00236337239354
2 0.999968206 5.19187931699e-18 3.17939999633e-05
2 8.23626070706e-24 4.60774552025e-11 0.999999999954
2 6.51930355608e-22 3.6607654648e-15 1.0
2 4.15813091266e-09 1.45937064795e-06 0.999998536471
2 1.30579366399e-05 1.40923891895e-16 0.999986942063
2 3.69267578984e-10 1.21451687115e-17 0.999999999631
2 1.99094077252e-13 3.02836329257e-12 0.999999999997
2 3.16626376794e-10 1.3935886835e-08 0.999999985747
2 0.00286704616494 1.17566694884e-06 0.997131778168
2 0.999955562393 9.0848125457e-10 4.44366983612e-05
2 0.028454007597 2.22845133201e-15 0.971545992403
2 2.10968369838e-11 2.57048759736e-07 0.99999974293
2 3.15534152347e-07 0.000896692943691 0.999102991522
2 0.047779372136 2.62839864799e-11 0.952220627838
2 0.999307387404 0.00063296729181 5.96453041874e-05
2 0.000104983537121 1.15262807341e-10 0.999895016348
2 0.11070115242 1.83421119133e-18 0.88929884758
2 0.30826559533 0.000372902658233 0.691361502012
2 0.0141889478703 2.30505652217e-07 0.985810821624
