0 0.293852129887 0.0178120806123 0.688335789501
0 0.864427468268 0.00723454949786 0.128337982234
0 0.32190888749 0.678081494628 9.6178814371e-06
0 8.34015637924e-08 0.999999916598 1.4747401662e-21
0 0.810694687338 0.00670659730361 0.182598715358
0 0.929118236108 0.00223766976029 0.068644094132
0 0.215218542419 0.336484943042 0.44829651454
0 2.79713301621e-05 2.66481552869e-09 0.999972026005
0 0.922626815057 0.0741822112342 0.00319097370834
0 1.03895567701e-05 0.999989607403 3.04029919361e-09
0 0.0342413053336 0.000364632715955 0.96539406195
0 0.99797306112 2.17999531452e-10 0.00202693866208
0 1.49239007231e-08 0.999999985076 8.41238289607e-20
0 0.997126360271 2.87724845979e-06 0.00287076248074
0 0.881690925911 0.0101132158228 0.108195858266
0 0.883039900777 0.0855644303983 0.0313956688244
0 0.886238836018 1.92695041865e-06 0.113759237032
0 0.703494894964 0.0203781112371 0.276126993799
0 0.733706127646 0.00597455850061 0.260319313854
0 0.953607335621 0.0442896944629 0.00210296991556
0 9.31585399723e-12 7.31152670445e-23 0.999999999991
0 0.971942454451 0.000898881308436 0.0271586642403
0 0.000307538940315 1.04438311306e-18 0.99969246106
0 0.662330609622 0.00774436675138 0.329925023627
0 0.189855254143 0.807675869374 0.00246887648363
0 0.973281818726 0.023718905584 0.00299927568979
0 0.947747515804 9.43837625191e-10 0.0522524832525
0 0.00263220469539 6.53595415057e-10 0.997367794651
0 0.00247250367465 0.997479174371 4.83219541321e-05
0 0.996869742521 0.00248884424911 0.000641413230083
1 6.02158042786e-10 0.999999999397 4.18040271277e-13
1 2.72475927757e-08 0.999999970418 2.33465765113e-09
1 0.111569515643 0.380447307105 0.507983177252
1 6.62386540697e-08 0.999997133228 2.80053299431e-06
1 0.00361835454009 0.996369913979 1.17314812831e-05
1 1.64857299971e-07 0.99991363047 8.62046728951e-05
1 0.0350779219606 0.787190990085 0.177731087954
1 0.000179599138719 0.999816276008 4.12485332217e-06
1 8.48792481036e-10 3.16960768277e-06 0.999996829544
1 0.150433347569 0.177189577116 0.672377075315
1 2.45503691557e-10 0.294049443772 0.705950555983
1 1.12067133322e-14 0.442259140601 0.557740859399
1 0.968386270474 0.0297649415456 0.00184878797989
1 4.63934459202e-29 7.49674852802e-22 1.0
1 0.000926637078031 0.998750650999 0.00032271192313
1 0.477704041208 0.0100572198818 0.512238738911
1 1.85589559916e-09 0.999999998143 7.38837303363e-13
1 4.76064708888e-21 1.0 2.7861550332e-29
1 0.975671035718 8.36114470899e-05 0.0242453528347
1 0.00103452792202 0.998890283435 7.51886433894e-05
1 4.4587874585e-15 1.0 4.28208612464e-24
1 5.03178976888e-05 0.999948817286 8.64816615151e-07
1 3.67399885491e-08 0.999999955581 7.67882544175e-09
1 1.95573123011e-09 0.999999995771 2.27314929207e-09
1 0.0743738069109 0.923255919245 0.00237027384424
1 7.14031580241e-13 0.999947123561 5.28764379736e-05
1 0.000138022753297 0.022199323848 0.977662653399
1 9.73185953272e-13 0.999999999999 3.92140592174e-17
1 0.776825815932 0.0280928728526 0.195081311215
1 0.999560192968 0.000419168256398 2.06387760067e-05
2 0.00202632586461 1.62218866657e-06 0.997972051947
2 1.06668272696e-16 0.999990337983 9.66201737588e-06
2 4.82958140044e-10 0.997212168592 0.00278783092521
2 0.23652275164 0.0098902051938 0.753587043166
2 0.99445059198 0.00554940638904 1.63117365535e-09
2 2.24182413799e-21 0.999999999219 7.80566894687e-10
2 0.999999682494 1.00958024294e-11 3.17496389678e-07
2 0.441492851558 0.000114013689053 0.558393134753
2 0.000193740216158 0.999805238137 1.0216472146e-06
2 0.999876271516 2.34393327321e-10 0.000123728249884
2 7.81268868989e-05 0.999921712373 1.60739871602e-07
2 0.175809309658 1.8390848839e-12 0.82419069034
2 9.13044540383e-19 4.1380188321e-12 0.999999999996
2 4.16137736203e-20 5.46558460463e-05 0.999945344154
2 0.0108827828976 0.123554526603 0.8655626905
2 0.0198831249279 8.50257507775e-10 0.980116874222
2 0.343929330578 0.00667945016779 0.649391219254
2 7.99620677e-09 7.2279971201e-16 0.999999992004
2 4.91899846223e-06 2.84759013008e-08 0.999995052526
2 0.0117032898755 0.987986104361 0.000310605763834
2 0.87198171574 0.000778855229487 0.12723942903
2 0.705157909316 0.252502546883 0.0423395438001
2 2.18153830481e-18 1.30997932376e-06 0.999998690021
2 3.84992396249e-23 0.999996863493 3.13650714926e-06
2 0.0341908024984 0.965799521867 9.67563421122e-06
2 0.848225745257 0.0647186608043 0.0870555939385
2 0.399497438158 0.559480615756 0.0410219460854
2 0.834229225212 0.157072645776 0.00869812901176
2 0.176390773853 0.664943120616 0.158666105532
2 0.912671196962 6.31808423375e-07 0.0873281712294
