0 0.99906075449 0.000939242022015 3.48835254333e-09
0 0.999999999756 2.43622144345e-10 8.56668249727e-15
0 0.919731383683 0.0802684152188 2.01097937416e-07
0 0.999670155993 0.000328646214899 1.19779202693e-06
0 0.999997951044 1.96916028942e-06 7.97952673993e-08
0 0.946920481106 0.0501046063783 0.00297491251581
0 0.872696435808 0.123431887431 0.00387167676035
0 0.999999994028 5.94805946074e-09 2.41364939609e-11
0 0.999999941918 5.80768280422e-08 4.89652284775e-12
0 0.9999999992 7.98169646102e-10 1.71072997088e-12
0 0.999485776228 0.000505120838641 9.10293296829e-06
0 0.999999999977 2.25654156848e-11 2.53030510777e-17
0 0.999999999979 2.09265177923e-11 3.45689640057e-16
0 0.999999934059 6.59282668254e-08 1.31276901035e-11
0 0.999999999623 3.76501175903e-10 2.83858434497e-13
0 0.99999999747 2.52809632561e-09 2.30856395478e-12
0 0.999999999999 6.62076030352e-13 2.94040524703e-17
0 0.999999999999 9.9165942566e-13 9.96137845118e-19
0 0.999981184376 1.88138672986e-05 1.75672161396e-09
0 0.999997831824 2.16431683996e-06 3.85882121555e-09
0 0.999994068492 5.9281222325e-06 3.38569651072e-09
0 0.999999925986 7.38299594078e-08 1.83886509553e-10
0 0.90267095458 0.0913464198513 0.00598262556892
0 0.999946057582 5.26865132459e-05 1.25590434422e-06
0 0.999979097273 2.0900934152e-05 1.79274700721e-09
0 0.995285838027 0.00462155290836 9.26090644794e-05
0 0.999999751396 2.48603808316e-07 5.87840971182e-14
0 0.999353845647 0.000642050753836 4.10359868522e-06
0 0.999997849478 1.01004655517e-07 2.04951709527e-06
0 0.999999431743 5.66832400207e-07 1.42470450372e-09
1 0.0535898069569 0.682908487785 0.263501705258
1 0.0162690056511 0.94554530546 0.0381856888892
1 0.135267503061 0.775846436018 0.0888860609212
1 0.0360016799986 0.456260071641 0.507738248361
1 0.0648765828372 0.915329325982 0.0197940911811
1 0.00556907697599 0.959037369091 0.0353935539327
1 0.0634649916707 0.274454828961 0.662080179369
1 0.00106236445665 0.995948769192 0.00298886635106
1 0.00232305576096 0.988395800604 0.00928114363484
1 0.0238982992467 0.946062301143 0.03003939961
1 0.0924551416643 0.603242133779 0.304302724557
1 0.0626409181052 0.058242715324 0.879116366571
1 0.0327298177118 0.217410615052 0.749859567236
1 5.00492242423e-07 0.999825972003 0.000173527505176
1 0.0305221211037 0.923297798951 0.0461800799451
1 0.00187430753062 0.239855890186 0.758269802283
1 0.00769967149483 0.978751781785 0.0135485467205
1 0.0158404054132 0.977084617362 0.00707497722517
1 0.00265843255467 0.792929829891 0.204411737555
1 0.00622670563439 0.988556179031 0.00521711533493
1 0.00440495842013 0.990026524928 0.00556851665224
1 0.0456634283443 0.954318312713 1.82589425122e-05
1 0.010539028191 0.984747680797 0.00471329101238
1 0.0126602150182 0.818902272706 0.168437512276
1 1.87970288968e-07 0.999720080506 0.000279731523968
1 7.84830057204e-07 0.930253364915 0.0697458502549
1 0.00129516035445 0.995690639893 0.00301419975263
1 0.0133587320232 0.859516553647 0.12712471433
1 0.0264305282213 0.917928505223 0.0556409665556
1 0.00118465054349 0.985005943781 0.0138094056756
2 0.000201661047465 0.99519015131 0.0046081876426
2 0.072827330416 0.407399337749 0.519773331835
2 0.00296600655573 0.935535309801 0.0614986836436
2 0.0090422055514 0.96613647153 0.0248213229182
2 0.00250420713452 0.950197622089 0.0472981707768
2 0.130121264368 0.106491536482 0.76338719915
2 0.0502481970407 0.56412360643 0.38562819653
2 1.63975792136e-07 0.0990878019771 0.900912034047
2 0.0177610377549 0.981427560005 0.000811402240322
2 2.11033555563e-08 0.278080617863 0.721919361033
2 1.30964515565e-07 0.999263691456 0.000736177579343
2 0.010439404709 0.253810887601 0.73574970769
2 3.09485424866e-08 0.880260516303 0.119739452749
2 0.0581653410155 0.0164691807913 0.925365478193
2 1.87048671806e-08 0.793278019526 0.206721961769
2 0.034481583273 0.495428212399 0.470090204328
2 1.75345522958e-05 0.0927323586545 0.907250106793
2 0.0368338255267 0.581968791708 0.381197382765
2 0.0375450937046 0.539932371324 0.422522534972
2 0.00266155237749 0.972635805807 0.0247026418152
2 0.00038716211706 0.991067485537 0.00854535234582
2 0.176650768615 0.680873087797 0.142476143587
2 6.51788732221e-06 0.825009598007 0.174983884106
2 0.0198995774189 0.863762512742 0.116337909839
2 0.0153183290224 0.806616718758 0.178064952219
2 0.036881356517 0.100123976474 0.862994667009
2 0.000718985092073 0.993351259546 0.00592975536164
2 4.65315925602e-07 0.439177687324 0.56082184736
2 0.0972745915693 0.387740758726 0.514984649705
2 1.57516390886e-05 0.154345190599 0.845639057762
