0 0.233249384125 0.313471402794 0.453279213081
0 0.395284121419 0.0549984097724 0.549717468808
0 0.546126877604 0.0522349111562 0.40163821124
0 0.32049762771 0.00310922941906 0.676393142871
0 0.147387017212 0.586728470585 0.265884512202
0 0.411478049502 0.376740288665 0.211781661833
0 0.377375375443 0.18505269615 0.437571928406
0 0.482482749134 0.0240551008663 0.49346215
0 0.193867985536 0.668995422444 0.13713659202
0 0.4079421757 0.589645905856 0.00241191844408
0 0.367235538869 0.231667557539 0.401096903592
0 0.424137573469 0.0360842993073 0.539778127223
0 0.610043859688 0.0106167504589 0.379339389853
0 0.391294174836 0.148644770107 0.460061055057
0 0.489381286621 0.221903295803 0.288715417576
0 0.280967952888 0.599946719928 0.119085327183
0 0.733117459561 7.09469470085e-07 0.266881830969
0 0.548315409528 0.0316440771735 0.420040513298
0 0.420488710511 0.014515515878 0.564995773611
0 0.192159192983 0.691197071783 0.116643735234
0 0.402049423686 0.0718065029537 0.52614407336
0 0.494921760089 0.0437547144635 0.461323525448
0 0.210129027158 0.301003397666 0.488867575175
0 0.211378258243 0.406648799042 0.381972942715
0 0.0660407487939 0.744916620386 0.18904263082
0 0.396574773569 0.381405874747 0.222019351684
0 0.487980631677 0.28100593944 0.231013428884
0 0.457508675451 0.0550860416739 0.487405282875
0 0.498911997803 0.336880924375 0.164207077822
0 0.543900825294 0.282722608252 0.173376566454
1 0.13110342109 0.8688647765 3.18024104799e-05
1 0.185744889262 1.73181361446e-10 0.814255110565
1 0.0236052866349 0.880747153673 0.0956475596925
1 0.0185743994741 0.930742947698 0.0506826528284
1 0.262094362386 0.643102307338 0.0948033302758
1 0.161076986634 3.07238036296e-05 0.838892289562
1 0.0864730795588 0.400548193487 0.512978726954
1 0.211115419193 0.66640986056 0.122474720247
1 0.00012024118488 0.999789768779 8.99900362407e-05
1 0.0288510880999 0.865275190026 0.105873721874
1 0.397816816925 0.00363239207604 0.598550790999
1 9.75627585911e-05 0.999684589845 0.000217847395929
1 0.0269846468602 0.907749454843 0.065265898297
1 4.49776265116e-08 0.999998339579 1.61544352025e-06
1 0.253079660024 0.590756795954 0.156163544022
1 0.317817928121 1.37554068638e-05 0.682168316472
1 0.274423014219 0.635093099227 0.0904838865546
1 1.48952035686e-05 0.105107742104 0.894877362693
1 0.354773685181 0.538711860947 0.106514453872
1 0.271970186613 0.598359823421 0.129669989966
1 0.830576902403 0.0024191527292 0.167003944868
1 0.0524196565701 0.901518612087 0.0460617313431
1 0.15163020686 0.604351005396 0.244018787743
1 0.107085819335 0.884064067369 0.00885011329585
1 0.11167672243 0.72299915226 0.16532412531
1 0.323125376962 0.419376968502 0.257497654535
1 0.109166819148 0.670998245157 0.219834935695
1 0.178994662761 0.783017894082 0.0379874431569
1 0.0723944467667 0.771031498332 0.156574054902
1 0.0811006969504 0.643094746733 0.275804556317
2 0.0043096534999 0.986691864183 0.00899848231746
2 0.445280703786 0.0188423183213 0.535876977893
2 0.379907884612 0.180156773376 0.439935342011
2 0.161114375518 0.392530636273 0.446354988208
2 0.221240934437 0.390002642883 0.388756422679
2 0.758450747227 0.0470013646048 0.194547888169
2 0.00720054534013 0.929974183304 0.062825271356
2 0.491937139243 0.0344686612889 0.473594199469
2 0.567296946765 0.0308514449515 0.401851608283
2 0.557740595931 0.353503254114 0.0887561499553
2 3.99463123231e-10 3.68646372267e-09 0.999999995914
2 0.683967605417 0.315800920865 0.000231473718845
2 0.00365180947309 0.991802746681 0.00454544384576
2 0.0635373018911 0.552430601778 0.384032096331
2 0.210074038697 6.2590679347e-05 0.789863370623
2 0.217955071015 0.447460498225 0.33458443076
2 0.127762547239 0.00416690313196 0.868070549629
2 0.530547748787 0.221010445298 0.248441805914
2 0.376136131894 0.0396008503143 0.584263017791
2 0.29240874845 0.118516552357 0.589074699193
2 0.304822123546 0.695150489036 2.7387417849e-05
2 0.25690802966 0.614258923715 0.128833046625
2 0.273025088525 0.0627879825754 0.6641869289
2 0.25905925112 0.376100965032 0.364839783848
2 0.34933547816 0.351578097696 0.299086424144
2 0.326866432765 0.403530333181 0.269603234054
2 0.30945297833 0.449351888885 0.241195132785
2 0.315733981317 0.384560376613 0.299705642069
2 0.337767073487 0.295821637178 0.366411289335
2 0.201224275081 0.521192936622 0.277582788297
