0 0.575101283012 0.00157293369449 0.423325783293
0 0.0829294428663 0.915976388474 0.00109416865969
0 0.960792840528 3.84399904879e-06 0.0392033154727
0 0.914612420764 5.07187980971e-16 0.0853875792365
0 0.570006216767 0.135090670598 0.294903112635
0 0.332615492223 0.00085392662256 0.666530581155
0 0.994012132126 0.00452784917786 0.00146001869589
0 0.959805045011 0.0401949471172 7.87153199856e-09
0 0.998855912495 2.02040575598e-11 0.00114408748471
0 0.999994061194 1.58186067407e-13 5.93880560828e-06
0 0.0287523342552 0.00384132611442 0.96740633963
0 0.999970497311 2.95026856735e-05 3.45213652435e-12
0 0.999382372718 7.69258527268e-22 0.000617627281725
0 0.00418999159661 0.00779670279407 0.988013305609
0 0.997126067319 4.43436736227e-09 0.00287392824653
0 0.904131338917 1.64197962723e-08 0.0958686446627
0 0.992262601878 5.72207126671e-07 0.00773682591532
0 1.88232826453e-06 5.69219191725e-07 0.999997548453
0 8.04537759634e-07 1.99740830238e-10 0.999999195262
0 0.999649217228 3.25082446263e-09 0.000350779521631
0 9.12935477889e-06 1.01298985006e-05 0.999980740747
0 0.00473509474534 1.6653377886e-15 0.995264905255
0 0.990778235884 7.15024145537e-06 0.00921461387491
0 0.640928886468 0.00018114028941 0.358889973242
0 8.56754521703e-12 0.00104468845465 0.998955311537
0 0.988645041913 0.000425767011747 0.0109291910752
0 0.99327162354 1.8355547175e-07 0.00672819290446
0 0.000264880956876 0.182824703652 0.816910415392
0 0.132364164184 0.00417056980826 0.863465266008
0 0.519611396619 6.23975848593e-06 0.480382363622
1 3.9565657326e-11 0.999943318114 5.66818467619e-05
1 0.4468766304 0.553121420761 1.94883914645e-06
1 1.57280558265e-09 0.999996183937 3.81448977046e-06
1 0.204077814234 0.79592218575 1.65231108631e-11
1 7.22595835411e-08 0.999999918874 8.86636930573e-09
1 0.00659572621582 0.839177770333 0.154226503451
1 0.00282061692018 0.156125164115 0.841054218965
1 0.0374233479904 0.929355316364 0.0332213356452
1 0.615622379881 0.384377620118 5.80463480571e-15
1 0.57211382239 0.427748736878 0.000137440732676
1 9.58167151439e-10 0.999999966735 3.23063790665e-08
1 0.986393892679 0.0135876176312 1.84896896585e-05
1 0.0536057855776 0.946394214422 8.41571127968e-14
1 5.65284636515e-13 0.0231803451958 0.976819654804
1 3.89396735809e-05 0.994611805251 0.00534925507513
1 0.227407671872 1.42418002151e-13 0.772592328127
1 5.39146245532e-12 0.994810961612 0.00518903838264
1 0.999853009675 2.36149497196e-11 0.000146990301527
1 0.485727684222 0.0362575242627 0.478014791515
1 0.0133606683686 0.986553903813 8.54278185407e-05
1 1.58529753549e-15 0.999998644043 1.35595718575e-06
1 0.0758415881972 0.923939690182 0.000218721620772
1 0.997455287945 0.000965221336272 0.00157949071886
1 1.94228901831e-09 0.999999998057 3.61468485582e-13
1 0.77229099886 0.0544542551018 0.173254746039
1 0.999668325751 1.62319348122e-05 0.000315442314139
1 0.607090979455 1.48978682503e-06 0.392907530758
1 0.000124012647323 0.99987575128 2.36072484354e-07
1 0.0640768812834 0.933352670687 0.00257044803011
1 0.16294117169 0.83705882831 5.94231922832e-16
2 1.0 2.24703886399e-13 3.27168458886e-33
2 9.6808696783e-10 3.12046218422e-08 0.999999967827
2 0.760297555323 0.0166934229824 0.223009021695
2 2.21445814611e-05 6.80569227412e-08 0.999977787362
2 0.998247399196 3.07807863591e-09 0.00175259772576
2 0.88617489587 0.0199457241969 0.0938793799331
2 0.0433386902307 0.956660035078 1.27469095857e-06
2 0.400132409082 6.77925939134e-05 0.599799798324
2 0.993399529556 1.31825301632e-05 0.00658728791423
2 0.99972699228 1.0249520471e-05 0.00026275819985
2 0.999929158895 4.39133121902e-20 7.08411048477e-05
2 0.036158850212 1.22877457066e-10 0.963841149665
2 0.648168895757 0.351831104243 9.75017962389e-34
2 6.83869969706e-13 0.99999298881 7.01118920634e-06
2 0.101101887791 0.89885915795 3.89542587668e-05
2 0.995818046192 6.3597700344e-08 0.00418189021075
2 3.76539956326e-10 1.81051234843e-13 0.999999999623
2 0.00124610717718 0.863612335203 0.13514155762
2 0.00443928422462 9.26782670173e-06 0.995551447949
2 0.000149057701003 0.00122787105524 0.998623071244
2 5.62676010177e-06 0.999624026866 0.000370346373882
2 0.170326893414 1.20742753951e-05 0.82966103231
2 0.985594408828 3.89229460358e-06 0.0144016988775
2 0.9256963562 4.57825657158e-05 0.0742578612344
2 0.999998878474 8.74732874946e-10 1.12065161512e-06
2 0.0494160192989 3.14629549897e-06 0.950580834406
2 0.998911187598 9.80051979539e-05 0.000990807203814
2 0.99999832548 1.67451084614e-06 8.78483454537e-12
2 0.194488904092 0.105443506885 0.700067589023
2 0.640951150968 1.25433370789e-06 0.359047594698
