0 0.362460908429 1.08379885067e-06 0.637538007772
0 0.622859071749 1.29632276921e-09 0.377140926954
0 0.999999934669 1.76498936735e-17 6.53309191185e-08
0 5.28524256859e-12 1.75911159611e-13 0.999999999995
0 0.360676539483 1.66388359526e-05 0.639306821681
0 0.999997795424 1.30301186244e-08 2.19154636673e-06
0 0.217716584277 0.000641910884493 0.781641504839
0 0.999999727602 3.35561256774e-18 2.72398055377e-07
0 1.0 8.32767363713e-28 1.67410360319e-15
0 0.999999999999 3.83945937962e-18 1.14387315829e-12
0 0.999979063292 3.44467144433e-10 2.09363638837e-05
0 0.197965272185 0.79464275406 0.0073919737554
0 0.999999999962 3.79784092261e-11 6.68551526228e-17
0 0.999997473276 2.84520388438e-11 2.52669582254e-06
0 0.951671474292 9.54389630068e-11 0.0483285256121
0 0.99999999997 1.25338530065e-17 2.95186637661e-11
0 1.0 5.32304570756e-17 6.97848555171e-32
0 2.0992753764e-07 2.23982178733e-07 0.99999956609
0 0.987878756872 3.13471568212e-11 0.0121212430971
0 1.0 2.73092865812e-24 1.73564682666e-15
0 1.31036936865e-05 9.20489191433e-10 0.999986895386
0 1.0 1.2488903639e-23 2.85986270322e-15
0 0.00290837613837 4.93652613807e-05 0.9970422586
0 0.462569774337 2.13359424697e-09 0.537430223529
0 0.00455801721943 3.61751010154e-10 0.995441982419
0 0.999971166021 4.31400370858e-07 2.84025790752e-05
0 0.999999988653 1.13471401867e-08 1.23714673142e-13
0 0.0123863500746 7.03021149049e-08 0.987613579623
0 0.00287672738488 2.30786538385e-05 0.997100193961
0 0.997336044913 6.58578215252e-08 0.002663889229
1 3.57545870002e-05 0.999964245413 5.44822968431e-25
1 0.0198675195463 0.980132480439 1.50450831955e-11
1 0.000520666735978 0.998899691665 0.000579641598859
1 0.0502162508454 0.949783749155 5.46433277935e-16
1 0.00238467603612 0.997615323964 4.13886061339e-33
1 0.999999994351 1.61504321936e-09 4.03403449663e-09
1 0.0338133111574 0.966181444208 5.24463452521e-06
1 2.00452399727e-06 0.999997995476 3.83461362573e-22
1 0.999946270638 5.37293622306e-05 1.36546549046e-17
1 0.00734943905137 0.957211160203 0.0354394007453
1 2.22220948613e-05 0.999977745353 3.25522071736e-08
1 5.80237266838e-05 0.999941976273 3.02329210983e-13
1 0.000396078602335 0.999602111965 1.80943254768e-06
1 0.999999999698 6.48271135904e-11 2.37393821572e-10
1 4.50858521816e-05 0.999954914148 2.58220627599e-21
1 0.999999999991 4.54087746465e-12 4.35936277856e-12
1 0.999948268918 5.17310820537e-05 2.15367172413e-25
1 2.34128724879e-14 1.0 4.86586924803e-44
1 1.0 9.46489430195e-14 8.77687934927e-19
1 0.999984182164 1.49378128215e-05 8.80022842432e-07
1 0.000154401064605 0.999845598935 8.74543857849e-21
1 5.92032223018e-07 0.00439405035546 0.995605357612
1 0.99999998884 1.12154268597e-13 1.11603150176e-08
1 0.445962117585 0.554037882414 1.05442929094e-12
1 0.915615682012 3.26045270764e-05 0.0843517134613
1 0.966930004298 4.59892055003e-10 0.0330699952416
1 7.53587517252e-08 4.71903819563e-06 0.999995205603
1 0.797783372044 0.202216627956 3.71909842191e-20
1 0.371333412857 0.628666587049 9.35473747285e-11
1 0.00985387530424 0.985614096529 0.00453202816684
2 8.19625371831e-08 2.13295786583e-06 0.99999778508
2 4.62095529104e-06 3.46304158244e-10 0.999995378698
2 0.000602226535184 0.137631532519 0.861766240946
2 2.45616484873e-05 1.99786836062e-13 0.999975438351
2 0.999338406915 3.33696770026e-12 0.000661593081777
2 0.000890623521989 2.84682745384e-07 0.999109091795
2 0.000524224886496 0.99353128692 0.00594448819335
2 0.0476476905591 8.14966105248e-07 0.952351494475
2 0.999999999231 7.68711608986e-10 7.46559035841e-13
2 1.0 6.9593820568e-14 3.27391437051e-21
2 1.0 1.97294937572e-18 2.57762684135e-22
2 0.999976903272 8.06463205376e-26 2.30967277623e-05
2 0.000222490479435 0.999774169801 3.33971947546e-06
2 5.67368070496e-11 7.5114431418e-12 0.999999999936
2 0.0685040429039 0.0274369830181 0.904058974078
2 3.44246628856e-05 2.65670476368e-12 0.999965575334
2 0.00290532983085 1.3459688528e-12 0.997094670168
2 1.10281439788e-15 1.58583906686e-05 0.999984141609
2 1.28396500479e-10 1.81927210822e-11 0.999999999853
2 0.0193182732119 1.97995063527e-08 0.980681706989
2 3.59193669997e-07 0.999997121945 2.5188613024e-06
2 0.999979698928 5.84367746922e-08 2.02426355972e-05
2 0.00376287499258 0.000199405290199 0.996037719717
2 0.0302843179009 0.00239726704757 0.967318415051
2 0.511797622197 5.36659199915e-12 0.488202377797
2 0.00054330315197 0.999456696846 1.66092949826e-12
2 0.742230481311 1.06835206556e-06 0.257768450337
2 0.99999999858 6.36930606303e-14 1.41987110729e-09
2 0.808404339533 8.13302239516e-05 0.191514330243
2 7.97977273408e-05 3.79015498113e-05 0.999882300723
