0 0.828249082358 0.15490495038 0.0168459672622
0 0.713714729916 0.28622753044 5.77396438965e-05
0 4.97900817489e-18 5.4615078373e-12 0.999999999995
0 0.901120408618 2.60076632984e-05 0.098853583719
0 0.853828163053 2.2144449138e-05 0.146149692498
0 0.011279732343 0.988720267656 1.33586132591e-12
0 0.218553077688 0.781275610448 0.000171311863659
0 0.0460010793081 6.503270756e-40 0.953998920692
0 0.721317051395 1.341684842e-13 0.278682948605
0 0.999774778509 0.000225221490977 1.05457172106e-30
0 0.999999902069 3.00626286304e-20 9.79312596149e-08
0 0.932130895248 7.49343540162e-06 0.0678616113162
0 2.73317076575e-23 1.0 1.5815261432e-28
0 0.999999999991 5.19913056085e-14 9.21396167822e-12
0 0.999998642279 1.35771699685e-06 4.44606670695e-12
0 3.63170953578e-06 8.3002916447e-07 0.999995538261
0 0.99364221264 7.9033825429e-16 0.00635778736015
0 0.999999743592 3.53842887102e-08 2.21023411942e-07
0 0.0080891873689 1.61872492916e-16 0.991910812631
0 0.634366377873 7.43892954577e-10 0.365633621383
0 2.45430672276e-08 0.186032665708 0.813967309749
0 0.999999999933 8.544682708e-53 6.74455424206e-11
0 0.00214700048742 3.55815964586e-05 0.997817417916
0 3.68435316987e-05 9.5345035646e-10 0.999963155515
0 2.59740877394e-06 0.999996196342 1.20624958743e-06
0 2.6164158797e-06 0.999997383584 7.54813053206e-20
0 0.9999992797 4.8272602083e-15 7.20300486621e-07
0 0.104054182335 0.12400371536 0.771942102305
0 0.991567524406 6.66145059251e-20 0.00843247559383
0 0.993462807909 5.23162886881e-08 0.00653713977449
1 3.74047777275e-46 1.0 9.39210724815e-42
1 1.83106971903e-05 2.05133350857e-06 0.999979637969
1 4.65663180364e-21 0.999999707703 2.92297308789e-07
1 9.15772069709e-27 1.0 3.18981432471e-43
1 4.04483636725e-24 1.0 1.75928248679e-47
1 0.99966999645 0.000308672084739 2.1331465721e-05
1 6.61417675559e-19 1.0 1.48967699074e-23
1 6.6978565821e-21 0.999999998868 1.13175655783e-09
1 0.999999850609 1.49391144127e-07 5.02403424635e-18
1 3.77419470646e-05 0.999961585128 6.72924940298e-07
1 0.999859477435 0.000140522452313 1.12829948441e-10
1 6.84100025195e-18 1.0 1.76271657164e-23
1 1.43733532113e-34 1.0 6.10234946882e-15
1 4.29642256638e-15 2.74473692672e-08 0.999999972553
1 8.17112032224e-13 0.999999999999 1.19807876536e-19
1 1.0 8.52260512784e-32 1.08322596137e-17
1 1.46052673e-27 1.0 2.55036649867e-38
1 3.80403027128e-25 0.00854355515536 0.991456444845
1 5.58095461633e-16 1.0 5.05415546813e-26
1 1.2652019803e-18 1.0 1.00166891702e-29
1 9.40434210529e-55 1.0 5.42071240664e-38
1 0.000205583001411 0.999742098495 5.2318503104e-05
1 0.998100188749 4.33326230443e-25 0.00189981125109
1 1.11335685617e-08 0.999999988866 2.9199752811e-15
1 3.34807366338e-08 0.999999942864 2.36547932212e-08
1 0.999999999926 1.33550423308e-33 7.40704811239e-11
1 0.34353096637 0.65646903363 1.3032026219e-20
1 3.7257879686e-35 1.0 7.47777788268e-31
1 0.579300003412 0.420699991881 4.70737539131e-09
1 1.55423357645e-08 0.999999984447 1.09497834998e-11
2 4.75759105603e-31 6.46120762156e-26 1.0
2 1.25891506666e-17 1.8415154242e-21 1.0
2 1.98656230534e-05 2.62115918664e-11 0.999980134351
2 0.994378938725 0.0056210597602 1.51471944412e-09
2 1.74800408567e-08 0.992921580541 0.00707840197892
2 2.53528051227e-05 2.55318509266e-29 0.999974647195
2 3.99643883828e-13 2.01269387039e-08 0.999999979873
2 0.541725136905 0.314051943512 0.144222919583
2 1.0 1.53762707811e-38 3.96087351347e-23
2 0.99999699643 3.00357030525e-06 7.5013011482e-15
2 0.999999999994 1.82764612314e-12 4.19131882447e-12
2 0.000964444688949 7.77641177027e-36 0.999035555311
2 2.80311185812e-32 5.06173436322e-20 1.0
2 2.18115893629e-10 0.999999995623 4.15897775279e-09
2 1.33510787598e-05 1.77924499906e-07 0.999986470997
2 0.000326305657945 0.00054726438186 0.99912642996
2 8.14658868973e-06 1.82474901864e-10 0.999991853229
2 2.42592567188e-19 3.53283790681e-20 1.0
2 1.21335102135e-08 0.00059094242471 0.999409045442
2 0.0126570871821 1.90607349196e-08 0.987342893757
2 0.00582879511416 8.45596813766e-19 0.994171204886
2 0.983487672406 1.83825077338e-09 0.0165123257553
2 3.17429712469e-08 1.3344866909e-24 0.999999968257
2 9.75536944911e-05 0.000413681956753 0.999488764349
2 0.975301460531 0.0246985394685 4.58456459672e-13
2 3.63774361917e-09 2.20429480633e-06 0.999997792067
2 0.0970358566362 0.902964131049 1.23146823199e-08
2 4.13301345551e-06 6.53298890157e-16 0.999995866987
2 0.952906736024 0.0423901790302 0.00470308494625
2 0.0102756353019 0.0654818473038 0.924242517394
