0 0.365346120218 0.335474092635 0.299179787147
0 0.729916580446 0.267208773376 0.00287464617791
0 0.899652152042 0.0930381004163 0.00730974754172
0 0.044257271067 0.666206679743 0.28953604919
0 0.673055737202 0.274164487592 0.0527797752063
0 0.480877584297 0.513480563044 0.00564185265882
0 0.0415251588173 0.17800277306 0.780472068123
0 0.985943190202 0.0140566980423 1.11755275778e-07
0 0.200091649556 0.25360426014 0.546304090304
0 0.0415586733398 0.455231847368 0.503209479292
0 0.148424166619 0.283602668349 0.567973165032
0 0.623222192493 0.371742852989 0.00503495451829
0 0.954633315014 0.0453552841927 1.14007934597e-05
0 0.0282844397647 0.37918004009 0.592535520145
0 0.287616291256 0.365521711572 0.346861997173
0 0.385502068021 0.197639803639 0.41685812834
0 0.390127966142 0.334044694215 0.275827339643
0 0.3143637251 0.496881013122 0.188755261777
0 0.83773253958 0.16209765474 0.000169805680073
0 0.910028239696 0.0863816736831 0.00359008662062
0 0.729332677671 0.270299211164 0.00036811116545
0 0.654344629338 0.122797253646 0.222858117016
0 0.415277599837 0.576656480202 0.00806591996107
0 0.789866067859 0.209791261974 0.000342670166928
0 0.907910632425 0.0920880607487 1.30682634822e-06
0 0.713776984454 0.286223015365 1.81279260886e-10
0 0.733235082276 0.25921704415 0.00754787357396
0 0.621220027032 0.373446647957 0.00533332501121
0 0.127576956305 0.176235435899 0.696187607796
0 0.989058972731 0.0109260951979 1.49320709513e-05
1 0.116934056103 0.150311633107 0.73275431079
1 0.120011026674 0.756409753085 0.123579220241
1 0.0376359206158 0.576865117285 0.3854989621
1 0.0876146829643 0.0949688873299 0.817416429706
1 0.114288400025 0.601981075844 0.283730524131
1 0.0183657656364 0.0674906242892 0.914143610074
1 0.332342061177 0.286937541392 0.38072039743
1 0.36545588042 0.570221892632 0.0643222269477
1 0.129911796361 0.273542232974 0.596545970665
1 0.222423607686 0.188836885483 0.588739506831
1 0.0667669572878 0.780558411963 0.152674630749
1 0.0401888599846 0.657036282335 0.30277485768
1 0.0714218474084 0.857227720183 0.0713504324089
1 0.208200971175 0.670882186438 0.120916842387
1 0.119005406959 0.812949616011 0.0680449770305
1 0.0124917220649 0.983822926367 0.00368535156764
1 0.0960297783547 0.368653773185 0.535316448461
1 0.102613073139 0.205401291923 0.691985634938
1 0.0230391504898 0.78328329732 0.19367755219
1 0.110425841787 0.132656669982 0.756917488231
1 0.0196971626763 0.971299685288 0.00900315203578
1 0.384898149744 0.531460410644 0.0836414396124
1 0.0793673736443 0.0976889158649 0.822943710491
1 0.127828357468 0.349173299184 0.522998343348
1 0.0407028328838 0.868093187129 0.0912039799869
1 0.132460456289 0.475412999981 0.39212654373
1 0.132570711852 0.855397807057 0.0120314810909
1 0.0187405542452 0.356234907077 0.625024538678
1 0.156253540555 0.341203845217 0.502542614228
1 0.153521789986 0.257621805331 0.588856404683
2 0.121337653516 0.160362563957 0.718299782527
2 0.041156551194 0.531117426291 0.427726022515
2 0.0796087724822 0.716390158879 0.204001068639
2 0.163767924389 0.310132658047 0.526099417565
2 0.0416619455011 0.574550895066 0.383787159433
2 0.14768022404 0.262988165641 0.589331610319
2 0.127353132257 0.34153966499 0.531107202753
2 0.126222223487 0.177140747123 0.69663702939
2 0.0472698220139 0.80873608697 0.143994091016
2 0.0346454750378 0.304742258936 0.660612266026
2 0.0603754821015 0.0496591597074 0.889965358191
2 0.173784136813 0.618565963542 0.207649899646
2 0.168667679524 0.344202496557 0.487129823919
2 0.0420763313925 0.506328589673 0.451595078934
2 0.115667012422 0.145297845076 0.739035142503
2 0.0332025700616 0.871919850715 0.0948775792231
2 0.0399974651846 0.493101990456 0.466900544359
2 0.138073528262 0.239922665768 0.62200380597
2 0.140498195831 0.219920082739 0.63958172143
2 0.127828357468 0.349173299184 0.522998343348
2 0.929786785863 0.0702004873348 1.27268026915e-05
2 0.087587078622 0.809433002891 0.102979918487
2 0.0325127824463 0.868036336338 0.0994508812152
2 0.0476001547944 0.506303244588 0.446096600618
2 0.107408686649 0.130443575023 0.762147738328
2 0.0376797381785 0.680952518263 0.281367743558
2 0.1280216963 0.35487646568 0.51710183802
2 0.0403349773671 0.78465058398 0.175014438652
2 0.319776436941 0.442332614035 0.237890949024
2 0.107228552721 0.32521370552 0.567557741759
