0 0.0606565697353 0.683432399035 0.255911031229
0 2.08738703428e-05 0.999789681102 0.000189445027953
0 7.41535569524e-05 0.999925806495 3.99484941629e-08
0 0.874248489605 0.125745808378 5.70201681519e-06
0 0.0291099163853 0.954110223245 0.0167798603697
0 0.992736556737 3.90374312495e-05 0.00722440583169
0 0.135922505797 0.140806163013 0.72327133119
0 9.97473286558e-10 0.999999997934 1.06894127651e-09
0 4.81769652191e-07 0.999999518227 3.2365878012e-12
0 0.999998154388 1.84560501242e-06 7.40844358733e-12
0 2.29078730282e-07 0.999999736982 3.39390280725e-08
0 0.000200798550674 0.99979212196 7.07948926365e-06
0 0.999709406717 8.30219737955e-13 0.000290593282344
0 0.00699644745027 0.992573780024 0.000429772525699
0 0.196218663458 0.192333185556 0.611448150986
0 7.65151227737e-06 0.999992347799 6.89051532051e-10
0 0.946150247808 0.0527361490716 0.00111360312091
0 8.40604214016e-10 0.999999996737 2.42216522276e-09
0 0.00834610504036 0.827074537805 0.164579357154
0 4.11445123058e-06 0.999995885539 9.39912940595e-12
0 0.000222319050517 0.963297793947 0.0364798870024
0 1.16228418473e-05 0.999964781109 2.35960489661e-05
0 0.554703433865 3.00263836217e-06 0.445293563496
0 0.0254216440924 0.86152057008 0.113057785828
0 0.000527680253565 0.99868471562 0.000787604126288
0 0.00641933747086 0.000201374745013 0.993379287784
0 0.996513933703 5.53743919443e-05 0.00343069190541
0 4.68028641518e-06 0.999051287632 0.000944032081461
0 9.75993512049e-05 0.996168276464 0.0037341241852
0 0.99766730541 0.00232337075195 9.32383849764e-06
1 0.999993202161 6.79783841658e-06 1.73203874352e-13
1 5.16515567977e-17 0.999987563955 1.24360453023e-05
1 5.03130667605e-08 0.99999928815 6.61537316977e-07
1 8.97812123932e-21 0.999999998812 1.18799516137e-09
1 0.999999930378 6.9613942044e-08 8.40410926004e-12
1 1.52946588292e-11 0.998983225242 0.00101677474259
1 2.21363485957e-11 0.999999999462 5.1580219044e-10
1 0.999987250337 1.27483030462e-05 1.36022926698e-09
1 4.79876845032e-08 0.000125636175869 0.999874315836
1 4.30304977808e-05 0.999598405773 0.000358563729438
1 1.09989708947e-19 1.0 5.88137193397e-14
1 1.15502861488e-06 0.999917359316 8.14856554769e-05
1 4.8435277217e-17 0.999999995629 4.37132588682e-09
1 2.29970934117e-15 1.02149780484e-09 0.999999998979
1 0.999949049454 5.09252202841e-05 2.53255359486e-08
1 1.36289533485e-05 0.999986370683 3.63800552086e-10
1 0.999991391913 8.60808703778e-06 6.15389240749e-14
1 0.999999823457 1.76542911193e-07 1.45576100321e-25
1 0.999999947679 5.19646937274e-08 3.56352643919e-10
1 0.998140279534 0.00185966107678 5.93888085916e-08
1 0.999999998845 1.1547302038e-09 1.05154650072e-16
1 9.6614621108e-08 0.0353932708853 0.9646066325
1 8.1416098739e-14 0.99999874967 1.25032967539e-06
1 0.153328314825 0.845713889874 0.000957795301727
1 2.1128592294e-08 0.969147531562 0.030852447309
1 1.75812185412e-17 0.999999999994 6.4206391411e-12
1 3.38504504244e-09 0.999999996417 1.98287926369e-10
1 0.999999112981 8.87019395186e-07 8.7745750654e-16
1 2.68860306799e-10 0.999971208145 2.87915864159e-05
1 6.57612988245e-05 0.0166694454697 0.983264793231
2 0.000159214030777 1.72532417218e-15 0.999840785969
2 2.01820967455e-08 0.99503958032 0.00496039949804
2 0.00269908488968 0.32108630036 0.67621461475
2 0.00165233230604 1.36023340175e-05 0.99833406536
2 6.89401391134e-05 1.25085486806e-07 0.999930934775
2 5.79068153305e-05 0.914590434706 0.0853516584789
2 0.0262165130728 4.43442273536e-09 0.973783482493
2 0.516995196268 0.00790056791549 0.475104235816
2 7.86499316924e-19 0.999999999999 5.31167714043e-13
2 0.999999970516 2.92671009192e-08 2.17308636884e-10
2 0.999999900006 9.99695023748e-08 2.45969606283e-11
2 0.999800692728 0.000175231328241 2.4075944244e-05
2 1.53381024365e-05 0.82023086765 0.179753794247
2 2.28292780041e-06 0.942370060777 0.0576276562956
2 5.60759790148e-12 0.999999828892 1.7110277239e-07
2 0.196406607538 4.14433067688e-06 0.803589248131
2 0.00150176958364 4.96643753554e-06 0.998493263979
2 4.54230907158e-11 7.2154239776e-19 0.999999999955
2 0.00474763286813 5.11774831527e-05 0.995201189649
2 0.000648053721467 0.989916050821 0.00943589545705
2 0.00879403626871 0.990564514615 0.000641449116498
2 2.46870607902e-07 0.999999752891 2.38726891519e-10
2 1.2929139644e-10 0.0018531793472 0.998146820524
2 1.19988909907e-06 0.999317686948 0.000681113162687
2 0.044790223074 0.876458820891 0.078750956035
2 0.999826806462 0.00015786467561 1.53288619009e-05
2 0.109915292078 0.195920528879 0.694164179043
2 7.88818422789e-09 0.999999992112 2.79716251089e-13
2 0.996509625114 0.00198150952769 0.00150886535847
2 0.0558536615664 0.119598130989 0.824548207444
