0 0.0445076887857 0.869103140036 0.0863891711779
0 0.866806490243 0.133181848522 1.16612347536e-05
0 0.999995302758 4.63439783063e-06 6.28442593808e-08
0 0.172822111509 0.221939095232 0.605238793259
0 0.380283485561 0.619688735656 2.77787825264e-05
0 0.519215651797 0.480784348063 1.39488977565e-10
0 0.0807000979499 0.704535932514 0.214763969536
0 0.999983596504 1.64034963681e-05 2.37372118453e-15
0 0.40893825238 0.565643556274 0.0254181913462
0 0.143337628364 0.13113182785 0.725530543786
0 0.075836240472 0.537955686828 0.3862080727
0 0.0767391896882 0.923260810312 3.86831357441e-16
0 0.999996483009 3.5169905218e-06 1.75293168937e-14
0 0.120345371244 0.382666946356 0.4969876824
0 0.802964501443 0.190816481868 0.00621901668857
0 0.748018118956 0.250843021746 0.00113885929833
0 0.201890859905 0.29307454353 0.505034596565
0 0.251537990586 0.736857502509 0.0116045069046
0 0.982830017094 0.0171626791242 7.30378178865e-06
0 0.997067903454 0.00293209537627 1.17014706376e-09
0 0.999955053838 4.49461623774e-05 3.8193765042e-18
0 0.98228018659 0.0177196984723 1.14937293474e-07
0 0.0361346283463 0.963865371614 3.94848400754e-11
0 0.83350497268 0.16647729808 1.7729240507e-05
0 0.996359544666 0.00364045498365 3.49944336569e-10
0 0.999999616753 3.83011344899e-07 2.35784550931e-10
0 0.567276524224 0.432701124076 2.23516997565e-05
0 0.647060473888 0.35291597708 2.35490314758e-05
0 0.50989945747 0.365736591123 0.124363951407
0 0.999983874814 1.55194478153e-05 6.0573866093e-07
1 0.0843794711303 0.212432423003 0.703188105867
1 0.00152453093077 0.972613145007 0.0258623240622
1 0.0518681993735 0.832360612774 0.115771187852
1 0.0475914152917 0.436178749864 0.516229834844
1 0.0386001053616 0.852996933124 0.108402961514
1 0.0557552694637 0.658307623069 0.285937107468
1 0.182150911883 0.260586906765 0.557262181352
1 0.248149690074 0.744804860923 0.0070454490031
1 0.123649987611 0.336519322606 0.539830689783
1 0.147388045432 0.849177807318 0.00343414725017
1 0.0300210862846 0.896411566123 0.0735673475919
1 0.115578262536 0.0732111483327 0.811210589132
1 0.00547425056027 0.198830952649 0.795694796791
1 0.0694023366423 0.898926062287 0.0316716010705
1 0.200876079149 0.774942407398 0.0241815134526
1 0.0271070341158 0.962065430218 0.0108275356664
1 0.198083716611 0.546475690363 0.255440593027
1 0.164705761859 0.489978270758 0.345315967384
1 0.144993231384 0.603947811296 0.25105895732
1 0.0390079829219 0.362881306653 0.598110710425
1 0.0270465063491 0.95375642292 0.0191970707304
1 0.229052508481 0.764812851582 0.00613463993654
1 0.247695977028 0.41492664819 0.337377374783
1 0.135866444974 0.322135526531 0.541998028495
1 0.0375225048377 0.872132001592 0.0903454935706
1 0.0373269380136 0.844137297736 0.11853576425
1 0.0553096598561 0.938908466123 0.00578187402135
1 0.00425710232716 0.0820550196394 0.913687878033
1 0.457938757521 0.373021253704 0.169039988776
1 0.0944415899166 0.285340031848 0.620218378236
2 0.0536528113588 0.383283068617 0.563064120024
2 0.105316849147 0.0616500379064 0.833033112947
2 0.000239135162241 0.100050247333 0.899710617505
2 0.122380784075 0.244962978622 0.632656237303
2 0.1211749404 0.0655777146885 0.813247344912
2 0.115349843933 0.408597126181 0.476053029886
2 0.127971943294 0.307397294943 0.564630761763
2 0.0809751251354 0.299568422312 0.619456452553
2 0.312387686065 0.296558634453 0.391053679482
2 0.117049274354 0.191980837448 0.690969888199
2 0.0338381358376 0.382752577687 0.583409286475
2 0.179961137466 0.560085918747 0.259952943787
2 0.149890890791 0.338900769037 0.511208340172
2 0.122616070157 0.0953027091474 0.782081220695
2 0.0490308237998 0.22299260355 0.72797657265
2 0.128299516654 0.544913725194 0.326786758153
2 0.0933638589142 0.105120174263 0.801515966823
2 0.102599284007 0.0886335639244 0.808767152068
2 0.0901869595626 0.133601897791 0.776211142646
2 0.135866444974 0.322135526531 0.541998028495
2 0.966694788445 0.0332875279539 1.76836007823e-05
2 0.0488257601127 0.786551276811 0.164622963076
2 0.0666067793449 0.696401368173 0.236991852482
2 0.147392013345 0.20356708634 0.649040900314
2 0.13608799996 0.20029716596 0.66361483408
2 0.113579041972 0.0472710819883 0.83914987604
2 0.141310026043 0.332871391286 0.525818582671
2 0.180328490754 0.293019589172 0.526651920074
2 0.313440404476 0.648174108922 0.0383854866016
2 0.203836659122 0.288616475786 0.507546865093
