0 0.999996303419 3.69658070681e-06 7.07827220356e-18
0 1.0 4.83395033755e-16 2.47176545201e-25
0 0.999999975959 2.40410552739e-08 3.65309376127e-22
0 0.999999691393 3.0860620138e-07 8.52421306558e-13
0 0.999999998093 1.9068736801e-09 1.83802692573e-14
0 0.99854020159 0.00145979840993 1.01138266316e-15
0 0.985964062501 0.014035937499 1.05574119302e-15
0 0.999999999999 8.12468426771e-13 5.31395781898e-24
0 0.999999999995 5.47845127239e-12 6.95814325688e-19
0 0.999999983188 1.68115555331e-08 3.36534319703e-18
0 0.999998027266 1.97270917982e-06 2.50987948964e-11
0 1.0 1.54601458881e-15 8.97574012486e-25
0 1.0 2.82154782955e-21 6.07531165796e-38
0 0.999999999998 2.14561332373e-12 7.99798839601e-21
0 1.0 6.72252387564e-16 2.24168275144e-25
0 0.999999999975 2.5368849695e-11 1.47187060948e-18
0 1.0 3.02769255943e-20 3.01089442871e-31
0 1.0 2.84881457945e-20 4.60778886134e-30
0 0.999999999822 1.77953786975e-10 2.83905866168e-22
0 0.999999999313 6.8658123163e-10 1.52677318521e-23
0 0.999999997361 2.6394353947e-09 1.82216883615e-18
0 1.0 2.32658918986e-13 1.88424769392e-32
0 0.998231756051 0.00176824394862 4.09767680638e-14
0 0.999999993109 6.89134697129e-09 1.03225806422e-17
0 0.999999999986 1.36047874704e-11 1.66229521208e-27
0 0.99999563112 4.36887957382e-06 1.85225188316e-13
0 1.0 4.65657632665e-15 8.46560298668e-26
0 0.999994227507 5.77249252657e-06 8.252988943e-21
0 0.99999999998 2.0336599178e-11 1.54338650545e-15
0 0.999999999999 6.4792435505e-13 6.3897255068e-21
1 0.121276843165 0.877321753544 0.0014014032914
1 0.0115734673218 0.988426532661 1.761909798e-11
1 0.0939354211812 0.90606397654 6.02278904474e-07
1 0.0183753731634 0.886612066702 0.0950125601346
1 0.0823755476354 0.917624452363 1.45042869625e-12
1 0.0300740160081 0.969872535522 5.34484693679e-05
1 0.0495183845552 0.947042735487 0.00343887995752
1 0.022589998377 0.977409879635 1.21987541954e-07
1 0.720580316417 0.0154168338507 0.264002849733
1 0.00362236005556 0.996377639944 7.90787419088e-14
1 0.000470613292197 0.999529386708 4.33753634868e-15
1 0.0715839020675 0.928406243472 9.85446056844e-06
1 0.284265445913 0.715734543736 1.03514140117e-08
1 1.46508064988e-05 0.999985346001 3.19296370654e-09
1 0.00435312388037 0.995646876117 2.26247365441e-12
1 7.56285450015e-05 0.999924371455 2.10227538026e-14
1 9.7369482475e-05 0.999902616309 1.42088218478e-08
1 0.45313706538 0.54686293346 1.16032536113e-09
1 2.94615222373e-05 0.999970458557 7.99207135143e-08
1 0.20629502917 0.793701931726 3.03910443502e-06
1 0.00179151115024 0.99820848885 3.61816886261e-16
1 2.16995490461e-06 0.99999783004 5.22114613567e-12
1 0.0999750224316 0.900024977157 4.11819146158e-10
1 0.139202778705 0.0965956107366 0.764201610559
1 2.01941349962e-06 0.999997980584 2.62483681999e-12
1 5.09814971486e-07 0.999982614128 1.68760566549e-05
1 0.00663723826433 0.993362761736 9.70293299077e-14
1 0.50184537193 0.484536623444 0.0136180046255
1 0.31717978337 0.682775209412 4.50072180717e-05
1 0.0163725342981 0.750472667 0.233154798702
2 0.00242812931162 0.191621429449 0.80595044124
2 0.000977419431309 0.00807489248745 0.990947688081
2 0.0160228821071 0.00840997009183 0.975567147801
2 0.00858543312496 0.0270548798464 0.964359687029
2 0.200479133771 0.0356413614249 0.763879504804
2 0.00198811573751 0.0118863145799 0.986125569683
2 0.0393217738987 0.128724728376 0.831953497725
2 3.77398689374e-09 0.00998238255321 0.990017613673
2 0.16686622678 0.833133724713 4.85070010506e-08
2 3.3072318605e-07 0.0275985786892 0.972401090588
2 5.02728020068e-05 0.999948653766 1.0734318171e-06
2 0.710557491802 0.289440009656 2.49854184891e-06
2 8.65730741482e-06 0.0177404410316 0.982250901661
2 0.000522572014484 0.000225149302127 0.999252278683
2 1.17995542971e-07 0.0227561836422 0.977243698362
2 0.0682215887084 0.738899249008 0.192879162283
2 1.31805553089e-06 0.0112875907115 0.988711091233
2 9.05912877304e-05 0.0120854816329 0.987823927079
2 0.00422049879578 0.115221152116 0.880558349088
2 0.0217949386291 0.313210988981 0.66499407239
2 0.123510690058 0.876487495677 1.81426473421e-06
2 0.69333560989 0.121524087621 0.185140302489
2 3.37923682229e-05 0.0386707014505 0.961295506181
2 0.673943817877 0.287851975128 0.0382042069959
2 0.00358975411286 0.0157917406352 0.980618505252
2 0.0391172308478 0.0355402331174 0.925342536035
2 0.00842881244561 0.346179491932 0.645391695623
2 1.30903084381e-06 0.99997629043 2.24005390468e-05
2 0.00169127777474 7.73189563468e-05 0.998231403269
2 0.000157773023759 0.894890411475 0.104951815501
