0 0.34991966665 0.000319787929645 0.64976054542
0 0.753691378223 7.17228569873e-07 0.246307904549
0 0.670468749047 0.327201927642 0.00232932331165
0 1.0 1.48557635088e-20 7.9347062473e-24
0 0.0714531917144 0.564332362723 0.364214445563
0 0.677332395551 0.000180750149328 0.3224868543
0 0.0719843717439 0.128785522922 0.799230105334
0 1.32903944141e-08 0.0544800234576 0.945519963252
0 0.514205670788 0.0173939424558 0.468400386756
0 0.788998166868 1.5001879532e-08 0.21100181813
0 0.4595603384 5.94722827615e-06 0.540433714371
0 0.827425802742 1.53629499151e-06 0.172572660963
0 0.999999152785 8.46965074924e-07 2.50164397357e-10
0 0.755874718069 1.30138539632e-06 0.244123980545
0 0.814527242471 4.18677847762e-08 0.185472715661
0 0.323269933976 0.0131245852778 0.663605480746
0 0.0443279660529 1.46999194175e-07 0.955671886948
0 0.00851904641894 0.979460571348 0.0120203822327
0 0.717744262313 6.337855057e-08 0.282255674309
0 0.533076040513 0.00209711961264 0.464826839875
0 8.51426295621e-05 1.93379206128e-09 0.999914855437
0 0.894485440029 4.8643400218e-11 0.105514559922
0 0.669383613628 7.78263821583e-14 0.330616386372
0 0.604415335428 7.62629231393e-07 0.395583901942
0 0.764195355695 1.88003844786e-05 0.23578584392
0 0.759258075338 0.0530609696874 0.187680954975
0 0.445973137023 0.00168988258283 0.552336980394
0 0.0155911967261 3.62399167655e-05 0.984372563357
0 0.000244830705669 0.293334228941 0.706420940353
0 0.566996568205 0.318860460999 0.114142970796
1 0.27235286212 0.21484110952 0.51280602836
1 0.222016899094 0.773597835392 0.00438526551443
1 0.132741959124 0.622539889763 0.244718151113
1 7.28518033762e-21 0.999955815822 4.41841780988e-05
1 0.411791030609 0.251769864358 0.336439105033
1 0.595111319828 0.31058245073 0.0943062294416
1 0.00550669069278 0.9841362913 0.0103570180072
1 0.164390106307 0.61060046782 0.225009425873
1 1.67860237275e-07 0.996072643195 0.00392718894428
1 0.267382759276 0.256205888537 0.476411352188
1 0.397867258231 0.412039111238 0.190093630532
1 1.70115953085e-06 0.999998298547 2.93218911832e-10
1 6.1860750325e-09 0.999338072781 0.000661921032877
1 0.999999999676 7.90926505464e-38 3.2383092885e-10
1 0.132326160987 0.433836919507 0.433836919507
1 0.187033766426 2.34845426797e-12 0.812966233571
1 0.172394022864 0.0184559128586 0.809150064277
1 0.102343455682 0.811053536039 0.0866030082789
1 0.53378234795 0.00286534145293 0.463352310597
1 0.279989094314 0.0820025228015 0.638008382884
1 7.9295640737e-07 0.999999207041 2.7907828331e-12
1 2.18781656137e-05 0.999978120053 1.78183653123e-09
1 0.149085289842 0.846167205508 0.00474750465
1 0.413389275846 0.583061280661 0.00354944349281
1 0.0180831097395 0.249405948744 0.732510941517
1 1.88156826502e-05 0.999978487729 2.696588508e-06
1 1.52187028911e-08 0.451156469771 0.54884351501
1 0.335481395516 0.177712599725 0.486806004759
1 8.58725330055e-05 0.616962627304 0.382951500163
1 0.000337725980945 0.999423137338 0.000239136680752
2 0.193722304904 2.49553047683e-32 0.806277695096
2 0.000138319629973 1.83963553169e-06 0.999859840734
2 0.000828635457701 3.03157298287e-06 0.999168332969
2 0.619658747184 6.31217738015e-09 0.380341246504
2 0.999987621423 6.62976828793e-08 1.23122789897e-05
2 5.54094007957e-07 2.80580887337e-05 0.999971387817
2 0.000844941815446 2.5828114494e-12 0.999155058182
2 0.164040175467 0.0667137584584 0.769246066074
2 0.31996802087 0.0473809954584 0.632650983672
2 0.0342579198516 0.404688610655 0.561053469494
2 0.786859632149 3.46793966531e-09 0.213140364383
2 0.281425664126 1.40343357374e-13 0.718574335874
2 0.0026453464634 2.97546933167e-10 0.997354653239
2 1.35175542185e-13 2.25973855525e-10 0.999999999774
2 0.272626339371 0.0510295466333 0.676344113995
2 0.383480808663 1.03091197951e-06 0.616518160425
2 0.682004814696 4.10270126993e-09 0.317995181201
2 0.000625521646597 1.02442023849e-17 0.999374478353
2 0.0524945610273 2.11992529398e-05 0.94748423972
2 0.00169360645092 5.22769544379e-09 0.998306388321
2 0.222354396747 0.0223019002882 0.755343702965
2 0.0446354930739 0.867250735315 0.0881137716113
2 0.340559715829 1.18254011428e-18 0.659440284171
2 4.95260767189e-10 0.206688812578 0.793311186927
2 0.881391624058 3.32461451941e-06 0.118605051328
2 0.0322525089217 0.618808949254 0.348938541825
2 0.629325743931 0.000138601792856 0.370535654276
2 0.390238990736 0.218232214983 0.39152879428
2 0.290247157227 0.00183185982582 0.707920982947
2 0.00138883562146 0.851385927396 0.147225236982
