0 0.354892819628 1.04327981147e-06 0.645106137092
0 0.621425147421 1.27599053847e-09 0.378574851303
0 0.999999934453 1.76657904686e-17 6.55468484528e-08
0 5.41634003123e-12 1.93326681045e-13 0.999999999994
0 0.356582648823 1.62163935963e-05 0.643401134784
0 0.999997790102 1.28605414238e-08 2.1970374391e-06
0 0.227207153556 0.000654988990842 0.772137857453
0 0.999999724616 3.3589680035e-18 2.75384096358e-07
0 1.0 8.33600089689e-28 1.69177099559e-15
0 0.999999999999 3.88151812144e-18 1.15571557063e-12
0 0.999979718557 3.53434785117e-10 2.02810891868e-05
0 0.200093579138 0.792415570616 0.00749085024595
0 0.999999999972 2.80792571958e-11 6.61246799335e-17
0 0.999997393209 2.8346951278e-11 2.60676232909e-06
0 0.951293035458 9.31015071378e-11 0.0487069644493
0 0.99999999997 1.25539026117e-17 2.97051609038e-11
0 1.0 5.29651145361e-17 6.61163561685e-32
0 2.16277610712e-07 2.27729930718e-07 0.999999555992
0 0.987864359737 3.08892168672e-11 0.0121356402318
0 1.0 2.73585022591e-24 1.74677911654e-15
0 1.37082071085e-05 9.49660984921e-10 0.999986290843
0 1.0 1.23288153641e-23 2.87046453098e-15
0 0.00296517739021 5.00733373104e-05 0.996984749272
0 0.454451350925 2.06040174932e-09 0.545548647015
0 0.00441860275823 3.45120329364e-10 0.995581396897
0 0.999970943459 4.25743698506e-07 2.86307972631e-05
0 0.999999988822 1.11782101028e-08 1.26973558991e-13
0 0.0123034218979 6.88952919711e-08 0.987696509207
0 0.0027819431381 2.1952961801e-05 0.9971961039
0 0.997294816561 6.48163056113e-08 0.00270511862318
1 3.62586510865e-05 0.999963741349 5.54721274971e-25
1 0.0198422049115 0.980157795073 1.60142940229e-11
1 0.000524308553927 0.998869934946 0.00060575649991
1 0.049746031905 0.950253968095 5.93482117149e-16
1 0.00243176175413 0.997568238246 4.27153952578e-33
1 0.999999994177 1.63356976847e-09 4.18983851839e-09
1 0.0345394309214 0.965454850882 5.71819625109e-06
1 2.04665781136e-06 0.999997953342 3.94784935506e-22
1 0.999947345165 5.26548352853e-05 1.39974768582e-17
1 0.00745678151133 0.955394676753 0.0371485417359
1 2.2488153252e-05 0.999977480354 3.1492353864e-08
1 5.91662689033e-05 0.999940833731 3.2321520223e-13
1 0.000402706307727 0.999595401179 1.89251297041e-06
1 0.999999999544 5.76113784128e-11 3.98109214807e-10
1 4.59138856545e-05 0.999954086114 2.67418108914e-21
1 0.999999999991 4.5486096849e-12 4.35587195062e-12
1 0.999948547581 5.14524185258e-05 2.13225463943e-25
1 2.37500221422e-14 1.0 4.90642786547e-44
1 1.0 9.31190073124e-14 9.05320779376e-19
1 0.999984157472 1.49961629855e-05 8.46364560706e-07
1 0.000139667502888 0.999860332497 7.94260373391e-21
1 5.76870127693e-07 0.00423848634158 0.995760936788
1 0.999999988716 1.12378678115e-13 1.12837740694e-08
1 0.446530536623 0.553469463376 1.05418763088e-12
1 0.914082226564 3.20140029387e-05 0.0858857594328
1 0.967048120972 3.39072118871e-10 0.032951878689
1 7.48407953792e-08 4.68379726502e-06 0.999995241362
1 0.797266554057 0.202733445943 3.71668912507e-20
1 0.375357581787 0.624642418117 9.63364961117e-11
1 0.00998897222295 0.985334360047 0.00467666772973
2 8.04195570967e-08 2.19789651255e-06 0.999997721684
2 4.83655229995e-06 3.57277874015e-10 0.99999516309
2 0.000586807098125 0.132494654865 0.866918538037
2 2.35372602297e-05 1.88058089959e-13 0.99997646274
2 0.999341835638 3.25360321736e-12 0.000658164358746
2 0.000878252603237 2.76272859059e-07 0.999121471124
2 0.000502457467522 0.9936204821 0.0058770604327
2 0.0490695678227 8.47635360289e-07 0.950929584542
2 0.99999999923 7.68711608985e-10 8.1197888096e-13
2 1.0 6.80932846581e-14 3.36721294959e-21
2 1.0 1.82674139033e-18 2.64024369575e-22
2 0.999978823637 8.31855230864e-26 2.11763633131e-05
2 0.000293187766007 0.999702143846 4.66838811042e-06
2 5.44522192488e-11 7.08034539113e-12 0.999999999938
2 0.067616704942 0.0271846802899 0.905198614768
2 3.77306006431e-05 2.87681714772e-12 0.999962269396
2 0.00285819696361 1.29169459988e-12 0.997141803035
2 1.06232769507e-15 1.57682095249e-05 0.99998423179
2 1.37816613991e-10 1.90605721346e-11 0.999999999843
2 0.0188243907981 1.92721363094e-08 0.98117558993
2 3.6189770923e-07 0.999997314057 2.32404542697e-06
2 0.999979452364 5.85771444058e-08 2.04890587951e-05
2 0.00369455308579 0.000193429958069 0.996112016956
2 0.0345264571757 0.00278606005649 0.962687482768
2 0.518716645601 5.25521346159e-12 0.481283354394
2 0.000550572263639 0.999449427735 1.6921003622e-12
2 0.76023983842 1.07057009145e-06 0.23975909101
2 0.99999999856 6.38845651381e-14 1.4403175114e-09
2 0.807041516354 7.73723790562e-05 0.192881111267
2 7.75946930116e-05 3.6215890921e-05 0.999886189416
