0 0.99889167121 0.00110832255436 6.23613613492e-09
0 0.99999999998 2.01261406202e-11 5.24163648132e-18
0 0.981003062334 0.0189969376655 2.84054376628e-15
0 0.999705700928 0.000294275692596 2.33798178911e-08
0 0.999993341145 6.65856746457e-06 2.87497311231e-10
0 0.93073911846 0.0692608815244 1.58084185616e-11
0 0.498866206668 0.501116836089 1.69572423951e-05
0 0.999999981993 1.79963049039e-08 1.08040651394e-11
0 0.999999928514 7.14836947859e-08 2.50984468701e-12
0 0.999999998613 1.38703802977e-09 7.86496315583e-19
0 0.998747666748 0.00125057404989 1.75920176236e-06
0 0.999999999976 2.3781880042e-11 5.03884078721e-15
0 0.999999999993 7.00779434889e-12 1.58321428615e-23
0 0.999999972503 2.74966240073e-08 3.86235216638e-15
0 0.999999997452 2.5481382701e-09 1.5099477346e-15
0 0.999999973318 2.6681362105e-08 4.28108099862e-13
0 1.0 1.0580095512e-14 6.8511052433e-26
0 0.999999999999 6.5411303904e-13 1.17111785673e-23
0 0.99998460886 1.53911394073e-05 7.2811411042e-13
0 0.999983448259 1.65517414614e-05 4.8592446347e-20
0 0.99999967103 3.28969818168e-07 1.54076238278e-15
0 0.99999836358 1.63641991117e-06 7.1983194813e-17
0 0.911270315365 0.0886449780484 8.47065869596e-05
0 0.999851578183 0.000148421815203 1.45946346814e-12
0 0.999996014722 3.98527810428e-06 9.96801876475e-21
0 0.998769661823 0.00122939652681 9.41649993514e-07
0 0.999999994661 5.33860367571e-09 2.20677657901e-18
0 0.999984919669 1.50803306768e-05 9.62403224001e-15
0 0.999999544895 4.33401910737e-07 2.17032894725e-08
0 0.999992814785 7.17427816225e-06 1.09370727475e-08
1 0.0247383115355 0.973163753482 0.00209793498216
1 0.00390806111828 0.996091938034 8.47939238318e-10
1 0.273775134521 0.723575010355 0.00264985512447
1 0.00264203737483 0.995901882404 0.00145608022128
1 0.728098840662 0.271900502235 6.57103334186e-07
1 0.00401183150912 0.991924243803 0.00406392468813
1 0.00592318244088 0.886050650842 0.108026166717
1 0.00415597935732 0.993316725216 0.00252729542709
1 0.00322736722798 0.196972375835 0.799800256937
1 0.0199808185053 0.980019153688 2.78069642224e-08
1 0.0965985338768 0.903401330839 1.35283880799e-07
1 0.932066225371 0.011107293099 0.0568264815303
1 0.721796677827 0.278200988136 2.33403763794e-06
1 1.66197109622e-06 0.999992679268 5.65876097023e-06
1 0.0404849839553 0.959515015861 1.8344183263e-10
1 0.0110851996101 0.988914784469 1.59207385037e-08
1 0.0164457423213 0.983550730753 3.52692565612e-06
1 0.00438133801897 0.995618640656 2.13246357107e-08
1 0.0163793443338 0.983601302071 1.93535951062e-05
1 0.0658218257265 0.933043835572 0.0011343387017
1 0.00382753688274 0.996172463109 8.63641183454e-12
1 0.000605954130854 0.999394045419 4.49805902422e-10
1 0.0200219920936 0.979976658337 1.34956912537e-06
1 0.00378568545607 0.502465464671 0.493748849873
1 5.04048604765e-06 0.999993819086 1.14042759144e-06
1 1.67658794149e-05 0.996140867869 0.00384236625177
1 0.00210401713217 0.997895760071 2.2279675324e-07
1 0.0745368001192 0.475037304658 0.450425895223
1 0.00108253423436 0.991388153485 0.00752931228055
1 0.0071993824431 0.886156778997 0.10664383856
2 5.78271815905e-05 0.362347792831 0.637594379987
2 0.0906569153327 0.0397887595148 0.869554325153
2 0.0114119675491 0.0940910242587 0.894497008192
2 3.14826728661e-05 0.617256210723 0.382712306604
2 0.0118889153615 0.612966160226 0.375144924413
2 0.00959966832667 0.0106209201534 0.97977941152
2 0.0353693791922 0.122995306351 0.841635314457
2 8.18392693886e-09 0.0166558214953 0.983344170321
2 0.482756775326 0.517243215576 9.09769377925e-09
2 5.81076142164e-12 0.000314882550952 0.999685117443
2 2.22047031737e-06 0.999809501485 0.000188278045146
2 0.089569887846 0.909974623011 0.000455489143168
2 1.24992886668e-09 0.125395516582 0.874604482168
2 0.000309116656454 0.00337759688188 0.996313286462
2 7.60175190578e-11 0.00205483844185 0.997945161482
2 0.00759145286419 0.365046261698 0.627362285438
2 4.33467394827e-07 0.0111842365045 0.988815330028
2 0.038111346577 0.000468421367539 0.961420232055
2 0.0207701370812 0.073069896976 0.906159965943
2 0.00667959790561 0.911742507473 0.0815778946215
2 0.0541228078297 0.945630013804 0.000247178366021
2 0.926654118495 0.0464686880485 0.026877193457
2 8.65010480876e-07 0.195572308883 0.804426826106
2 0.201049474661 0.754722930918 0.0442275944206
2 4.03023028115e-05 0.413001721593 0.586957976104
2 0.0175105570342 0.112393205019 0.870096237947
2 0.00298371419814 0.917515309471 0.0795009763313
2 5.38487509155e-06 0.989635747533 0.0103588675922
2 0.587504141584 0.000182735345032 0.412313123071
2 3.18113053285e-05 0.0288315111718 0.971136677523
