0 5.04513164741e-06 8.31646543249e-05 0.999911790214
0 1.52914476752e-05 4.69344586242e-08 0.999984661618
0 0.24993420603 0.131564716345 0.618501077625
0 0.999999794507 1.93896373364e-10 2.05298647322e-07
0 2.61615922248e-05 0.947225183625 0.0527486547829
0 0.321289773018 0.000169847056879 0.678540379925
0 0.000486966684804 0.00222473944206 0.997288293873
0 0.0151901900811 7.91576556e-16 0.984809809919
0 0.404098582251 0.0270844348314 0.568816982918
0 0.00216903422117 1.40825408916e-12 0.997830965777
0 0.0982401243117 0.0614126406681 0.84034723502
0 0.000208241425953 3.5388312862e-06 0.999788219743
0 0.994800632851 0.00519936714845 3.3148008635e-13
0 9.43170724753e-07 0.000116209201199 0.999882847628
0 0.523333207905 1.34858727601e-07 0.476666657236
0 0.167312740148 0.0466029855683 0.786084274284
0 1.47546813195e-09 0.00537662880084 0.994623369724
0 0.0109532700882 0.000104020729121 0.988942709183
0 5.12474403265e-08 8.60678052255e-10 0.999999947892
0 0.470738396319 0.00833783636324 0.520923767318
0 0.997393921327 2.15320870808e-09 0.00260607652005
0 2.00894015095e-05 1.03086858923e-12 0.999979910597
0 2.01013403738e-20 8.85586118093e-08 0.999999911441
0 2.05691485597e-06 5.98093893552e-08 0.999997883276
0 1.67472617769e-10 7.53375372581e-07 0.999999246457
0 0.999892168221 3.6288572301e-05 7.15432065497e-05
0 0.999991704183 3.75092511261e-06 4.54489147305e-06
0 3.4322188206e-06 1.07246857639e-09 0.999996566709
0 9.39007441903e-06 0.130855821873 0.869134788053
0 0.996793137195 8.58927150646e-05 0.00312097008954
1 0.000118469728612 3.17839281165e-05 0.999849746343
1 1.93523935013e-18 0.999999999276 7.24308962496e-10
1 4.16505582738e-09 0.96663131816 0.0333686776747
1 2.07753103879e-18 0.999644915143 0.000355084857296
1 0.8326788334 0.119443688595 0.0478774780053
1 6.29485005524e-25 0.999999999996 4.39083939087e-12
1 2.91912374764e-10 0.999133949407 0.000866050300658
1 0.08315957574 0.891284630492 0.0255557937679
1 0.640561202265 0.359438797735 2.52509577696e-21
1 2.47553689468e-09 0.290367376564 0.70963262096
1 6.93950741298e-19 0.938768109876 0.0612318901242
1 7.4316486741e-17 0.999999999982 1.82674789659e-11
1 2.90532678699e-17 0.999999501817 4.98182639005e-07
1 1.0983250638e-41 9.05270122589e-09 0.999999990947
1 0.12134379034 0.22070556123 0.65795064843
1 0.999989884504 1.68346726342e-09 1.01138127067e-05
1 1.0390566345e-05 1.09448467627e-07 0.999989499985
1 1.88469361713e-07 2.76709903354e-05 0.99997214054
1 0.997632195716 0.00235321424741 1.45900368771e-05
1 0.000105927723403 0.670484161104 0.329409911173
1 1.34213615704e-14 0.904538600068 0.0954613999316
1 0.052495684687 0.947500906429 3.40888398609e-06
1 1.30446048975e-14 0.999999999479 5.21089563182e-10
1 0.0513760446371 0.947921889515 0.000702065847659
1 0.296619985897 0.565241969615 0.138138044488
1 3.16281069689e-07 0.881321279151 0.118678404567
1 4.45211691458e-05 5.16160607902e-07 0.99995496267
1 1.5050186277e-05 2.05092550204e-06 0.999982898888
1 3.13251045169e-10 0.975976338349 0.0240236613374
1 2.82349487388e-08 0.998997616475 0.00100235529026
2 3.06059114916e-06 2.15598230468e-30 0.999996939409
2 1.18342267642e-06 2.01109513775e-08 0.999998796466
2 2.33846472037e-07 3.41608865708e-07 0.999999424545
2 5.89181950086e-05 3.05952954735e-12 0.999941081802
2 0.999834785279 6.41021742149e-16 0.000165214720517
2 8.56670885308e-08 3.99721151443e-07 0.999999514612
2 2.29424448844e-05 2.42342635339e-13 0.999977057555
2 0.00131082876812 0.148585247708 0.850103923524
2 1.8370796835e-15 1.0 5.8645796775e-18
2 1.28389693434e-06 0.00469662950016 0.995302086603
2 0.00023408314676 9.1920982146e-15 0.999765916853
2 7.03784335551e-07 0.478262922559 0.521736373657
2 1.96198666819e-23 3.69151289843e-18 1.0
2 1.91901488771e-33 4.02575880489e-19 1.0
2 2.90378515777e-19 0.999999999906 9.36556524311e-11
2 9.09343375924e-10 1.03661873411e-09 0.999999998054
2 6.80498832496e-05 1.60186608939e-11 0.999931950101
2 5.0874599071e-35 2.43901420229e-07 0.999999756099
2 5.96386332491e-12 5.4177352748e-08 0.999999945817
2 2.93500035468e-06 5.83058496588e-12 0.999997064994
2 1.84944766938e-11 0.9999519922 4.80077819988e-05
2 0.0340724644651 0.713433220356 0.252494315179
2 9.53542951221e-19 4.96823537206e-09 0.999999995032
2 0.000498529779734 0.998852706766 0.000648763453925
2 0.987779002385 7.84167986095e-10 0.0122209968308
2 0.279848429513 9.79727487485e-06 0.720141773212
2 0.00400312623956 0.00136134581268 0.994635527948
2 0.299150134052 0.0870032050468 0.613846660901
2 0.479850510174 0.00334001043626 0.516809479389
2 2.51527482964e-08 1.68324408438e-12 0.999999974846
