0 0.444994924309 0.147210511225 0.407794564466
0 0.239026641967 0.000321768040665 0.760651589993
0 0.613117193627 0.203558828532 0.183323977841
0 0.0892193442706 3.63334372441e-06 0.910777022386
0 0.261042942159 0.0256690269861 0.713288030854
0 0.154652448597 0.818588275704 0.026759275699
0 0.286494026766 0.471074794744 0.24243117849
0 0.686306237944 0.132108635858 0.181585126198
0 0.466722408354 0.0351608938685 0.498116697778
0 3.13116344637e-06 0.999996868834 2.44296770287e-12
0 0.189654582527 0.00158344644961 0.808761971024
0 0.214992070138 0.000151283616069 0.784856646246
0 0.721862080226 0.276561693496 0.00157622627859
0 0.260731952327 0.00108425451178 0.738183793161
0 0.162501860177 0.811179189853 0.0263189499701
0 0.419256336381 0.0899706005765 0.490773063042
0 0.822284391187 0.0063692701363 0.171346338677
0 0.257362886926 0.000163864677176 0.742473248396
0 0.195988161955 4.80436424683e-05 0.803963794403
0 0.534314850465 0.0570247327768 0.408660416758
0 0.278834113964 0.000542165658529 0.720623720378
0 0.38226789861 0.000390128929748 0.61734197246
0 0.194043101773 0.00357898871247 0.802377909514
0 0.564352600567 0.102235452212 0.33341194722
0 0.581619444037 0.00311527222708 0.415265283736
0 0.162133817216 0.800088344002 0.0377778387829
0 0.467302151771 0.362735686943 0.169962161286
0 0.252189585576 0.000275899246374 0.747534515177
0 0.2167264644 0.00922332516762 0.774050210432
0 0.0838092554874 0.897886316526 0.0183044279869
1 1.12863760224e-05 0.999988702274 1.13503888834e-08
1 0.999999999877 4.32200725985e-12 1.18987676107e-10
1 0.444173155168 0.14980190148 0.406024943352
1 0.00658920821275 0.992806298412 0.00060449337496
1 0.00404671150819 0.995758296153 0.000194992339275
1 0.946491145402 0.011702003414 0.0418068511835
1 0.467920826071 0.151002831417 0.381076342512
1 0.000243340135349 0.999748546129 8.11373580722e-06
1 0.00017439726403 0.99982460948 9.93256399859e-07
1 0.381450343011 0.376297245142 0.242252411846
1 0.0525106006273 1.23697529079e-06 0.947488162397
1 0.396972394937 0.526613639051 0.0764139660125
1 0.148636881842 0.823947657084 0.0274154610735
1 3.69238216291e-05 0.013523147887 0.986439928291
1 0.011657796411 0.98661141862 0.0017307849688
1 0.0493172932321 0.768450518996 0.182232187772
1 0.000310628228827 0.999685404035 3.96773593213e-06
1 5.95606235574e-13 0.999999999999 1.96546749841e-18
1 0.0891421494206 0.900214526737 0.0106433238426
1 0.00305323569063 0.996751479918 0.000195284391642
1 0.696826638155 0.152526336995 0.15064702485
1 0.0139753779749 0.985349324922 0.000675297103246
1 0.27411443621 0.0186630455516 0.707222518238
1 4.23532181641e-09 0.00549176102482 0.99450823474
1 0.00585446296894 0.993768719467 0.000376817564023
1 0.360775963237 0.350951255322 0.28827278144
1 0.308149492464 0.0515516863873 0.640298821149
1 0.730519080501 0.128298091258 0.141182828241
1 0.0415029963429 0.947725912674 0.0107710909829
1 0.0323545426092 0.963676289415 0.00396916797546
2 9.91372472371e-12 4.59675768613e-10 0.99999999953
2 0.150332658043 7.9170681838e-05 0.849588171275
2 0.169159753 0.00140543212662 0.829434814873
2 0.588875610414 0.109007312872 0.302117076714
2 0.355613036429 0.571832120207 0.0725548433649
2 0.109972415463 0.000287201816551 0.88974038272
2 0.00205524605312 0.00060091221429 0.997343841733
2 0.373336840341 0.261669166847 0.364993992812
2 0.16210376558 4.9018222537e-05 0.837847216198
2 0.0621722765099 0.933751347902 0.00407637558815
2 7.05794671781e-05 0.999929275088 1.45444494947e-07
2 0.995607717054 0.00307423192199 0.00131805102415
2 2.31707668727e-13 6.42277689976e-10 0.999999999357
2 0.430413019153 0.00276446191745 0.566822518929
2 0.718887070431 0.0112257030692 0.2698872265
2 0.48078499813 0.372978792044 0.146236209826
2 0.262751777447 0.000453668195985 0.736794554357
2 0.501527703939 0.206470611501 0.29200168456
2 0.51109033709 0.107549035467 0.381360627443
2 0.175741813204 0.000714635102142 0.823543551694
2 0.987549321792 0.0123892063641 6.14718443667e-05
2 0.210297096942 0.01295033927 0.776752563788
2 0.147462753533 0.000290798684031 0.852246447783
2 0.998915083956 9.86431600709e-06 0.0010750517276
2 0.573468852117 0.0363139919307 0.390217155953
2 0.00837608612358 0.990074960604 0.0015489532723
2 0.0145609953864 0.983823821894 0.00161518271977
2 0.278160966304 0.00424822058254 0.717590813113
2 0.0724455544013 0.879572027709 0.0479824178894
2 0.392283260366 0.209743540566 0.397973199068
