0 0.999813426377 0.000186573582673 3.98663842579e-11
0 0.999260726165 0.000739273820042 1.50440338301e-11
0 0.999999880063 1.19937088961e-07 2.38538669126e-16
0 0.358748737313 0.641251252799 9.88809572497e-09
0 0.998819089494 0.00118089714952 1.33562438332e-08
0 0.999950038872 4.99069591625e-05 5.41692760311e-08
0 0.68586887627 0.314122678179 8.44555109474e-06
0 0.999999998345 1.65510346263e-09 1.30662490376e-17
0 0.999999999992 8.43188679951e-12 2.18956768049e-20
0 0.987882364908 0.0121176350337 5.83890791626e-11
0 0.464809127977 0.534979782074 0.000211089949696
0 0.999999864337 1.35662557621e-07 1.707218923e-16
0 1.0 1.87396943865e-16 3.20886878797e-26
0 0.99999997147 2.8530406942e-08 3.74398755178e-17
0 0.999790357715 0.000209642284227 4.82012972468e-13
0 0.999781520587 0.000218479402728 1.00814784246e-11
0 0.999999999937 6.28479348633e-11 2.51608483654e-20
0 1.0 2.89792761886e-14 5.22476237515e-20
0 0.999999509578 4.90421619257e-07 4.3884527234e-15
0 0.999998771812 1.22814968967e-06 3.80505793831e-11
0 0.999369143867 0.00063085613197 7.9261763246e-13
0 0.997723992934 0.00227590394658 1.03119153998e-07
0 0.040232135182 0.95964733199 0.000120532827911
0 0.918436056404 0.0815624911822 1.45241391505e-06
0 0.999999382819 6.17180723143e-07 1.36912798807e-15
0 0.909515086388 0.0900541886616 0.000430724950635
0 0.999999841292 1.58708483768e-07 8.6120245046e-16
0 0.999999695652 3.04347182375e-07 7.50453462774e-13
0 0.998624280966 0.00137571867738 3.57109435518e-10
0 0.998015303453 0.00198469654526 2.10188486323e-12
1 0.0134570703429 0.975553805484 0.0109891241735
1 0.00146024467337 0.998350242132 0.000189513194562
1 5.90832734281e-05 0.999940907688 9.03860573942e-09
1 0.000126703730328 0.999237837664 0.000635458605413
1 0.000488442397815 0.999509480823 2.07677893756e-06
1 0.0530285818521 0.944382009578 0.00258940856959
1 0.689549516522 0.0493153990261 0.261135084452
1 0.000183510455122 0.999759846411 5.66431335744e-05
1 0.030068390933 0.0784587728949 0.891472836172
1 9.67373299737e-05 0.999889388875 1.38737954148e-05
1 0.000906961887573 0.999091626546 1.4115660095e-06
1 0.00397113883049 0.993618800744 0.00241006042572
1 0.0119614809031 0.988010205384 2.83137124089e-05
1 5.48044606821e-07 0.999791230952 0.000208221003128
1 0.000183309213133 0.999664006222 0.000152684564487
1 0.000308124723444 0.999691860162 1.51145844267e-08
1 0.0762656304568 0.923733900999 4.6854396776e-07
1 0.0212275023243 0.978772173656 3.24019665865e-07
1 0.0121234808021 0.987861384382 1.51348157925e-05
1 0.000703158359516 0.999074684863 0.000222156777461
1 0.000586411128007 0.999413451296 1.37575827857e-07
1 6.36367461565e-06 0.999992578089 1.05823608081e-06
1 0.000293481800385 0.999405756749 0.000300761451009
1 0.000385884429274 0.097913201914 0.901700913657
1 4.16268022114e-05 0.999934127393 2.42458047609e-05
1 1.06008320649e-06 0.837056900373 0.162942039544
1 0.0104060446029 0.927123856345 0.0624700990523
1 0.298474274947 0.63643486633 0.065090858723
1 0.00366248102003 0.994898387652 0.00143913132833
1 0.00742488504904 0.794917298234 0.197657816717
2 7.37128859084e-05 0.202314356442 0.797611930672
2 6.49376213281e-07 0.000251277648083 0.999748072976
2 2.83071694778e-07 0.0104102562539 0.989589460674
2 0.000484607916076 0.00695932328208 0.992556068802
2 0.000680905375727 0.023801964163 0.975517130461
2 0.00298142457461 0.00136233742749 0.995656237998
2 2.25133309457e-09 0.0218021917653 0.978197805983
2 4.3498044954e-10 0.00540666926981 0.994593330295
2 0.135989968303 0.864006372171 3.65952652762e-06
2 4.02058355245e-05 0.993323476624 0.00663631754076
2 0.496822139729 0.281276637932 0.221901222339
2 0.519037737077 0.172445009181 0.308517253742
2 2.11866931393e-05 0.577677643711 0.422301169596
2 0.000184160945029 0.00131344624845 0.998502392807
2 1.5891398612e-10 0.000259083636639 0.999740916204
2 0.00900205496899 0.0937331003623 0.897264844669
2 0.000329662482602 0.0168628548732 0.982807482644
2 0.00112594062898 0.00548829934741 0.993385760024
2 0.00152983308745 0.00633479259557 0.992135374317
2 0.00120598802729 0.0745297690755 0.924264242897
2 7.5479945516e-05 0.993481386823 0.00644313323158
2 0.000733124702006 0.00205702480255 0.997209850495
2 7.95422137253e-11 0.000632245347352 0.999367754573
2 0.00215218172264 0.110905866212 0.886941952065
2 0.0069692381214 0.0163055622511 0.976725199627
2 0.00812944088241 0.0906123601525 0.901258198965
2 4.55845310317e-10 0.0204562346251 0.979543764919
2 5.67460182588e-08 0.00247583355783 0.997524109696
2 0.0657805461208 0.128268168525 0.805951285354
2 0.000661819373351 0.247036431375 0.752301749251
