0 0.999999996733 2.57968010344e-09 6.87608684894e-10
0 0.999992891381 7.10859768863e-06 2.13769903062e-11
0 1.0 4.9203515026e-15 4.05937883218e-18
0 0.999231764395 0.000768193729947 4.18753231844e-08
0 0.99999994609 3.48539900669e-08 1.90556928834e-08
0 0.999990340808 9.65910608584e-06 8.6082859532e-11
0 0.999797095228 1.04793958168e-05 0.000192425375717
0 1.0 2.07797198891e-14 3.40967739898e-19
0 0.999994200314 5.79968524178e-06 4.2177405372e-13
0 0.999998934682 1.06471749904e-06 6.00113061364e-10
0 0.996801655793 0.00319297432014 5.36988688462e-06
0 0.999974140462 2.58595383764e-05 1.44912740354e-14
0 1.0 5.05120776974e-18 2.07299461552e-34
0 0.999993742358 6.25764178881e-06 4.51619086896e-15
0 0.999971676819 2.83231779016e-05 2.68341695974e-12
0 0.999983325315 1.66746851537e-05 2.14597917846e-19
0 1.0 1.63080032221e-15 5.86744095559e-19
0 0.999999999992 8.16062681544e-12 1.22140523855e-20
0 0.999999096872 9.03128253432e-07 1.39658718245e-18
0 0.999997734029 2.2659704094e-06 3.12269785949e-13
0 0.999931505974 6.84940263892e-05 8.46726664095e-15
0 0.999870564942 0.000129435057811 8.59211418574e-15
0 0.193679406394 0.806096075268 0.000224518338653
0 0.999415400386 0.000584598649919 9.64234456999e-10
0 0.999999999986 1.36237954579e-11 4.22523283654e-15
0 0.999988892388 3.66137654318e-10 1.11072459805e-05
0 1.0 2.65669082092e-15 6.24424795482e-16
0 0.999999999966 3.36403320498e-11 4.62691979258e-14
0 0.999931649315 6.83499591787e-05 7.25420774914e-10
0 0.999999998457 1.54336766477e-09 3.35349862141e-20
1 0.24694225955 0.752916281602 0.000141458848409
1 0.00501497893074 0.9949850203 7.69694726218e-10
1 0.121347414349 0.878626260756 2.6324895184e-05
1 0.0280731241519 0.957008249326 0.0149186265217
1 0.0278791396311 0.972120857391 2.97810784768e-09
1 0.26372616063 0.735766101268 0.000507738102199
1 0.111555971484 0.88804950379 0.000394524726258
1 0.133156380415 0.85844619691 0.00839742267495
1 0.00395548050606 0.00237145907094 0.993673060423
1 0.00258402285531 0.997295735616 0.000120241528754
1 0.00598259803699 0.994017396721 5.24232010026e-09
1 0.155548574903 0.804532190847 0.0399192342504
1 0.153553440408 0.846445291261 1.2683316417e-06
1 9.75839412131e-05 0.999901639271 7.76787385605e-07
1 0.000673599771124 0.999326109733 2.90495828677e-07
1 0.00131591088641 0.998671691775 1.23973388763e-05
1 0.0432188583787 0.956781076406 6.52149660843e-08
1 0.515963114767 0.483974533789 6.23514442689e-05
1 0.0402173605456 0.95977625059 6.38886401503e-06
1 0.00811049731586 0.991440507285 0.000448995399502
1 0.00187625420482 0.998123712524 3.32710044178e-08
1 0.000128918701479 0.999871080938 3.60572769602e-10
1 0.00660925882316 0.993338471051 5.2270126278e-05
1 0.00113177111255 0.34042120174 0.658447027147
1 9.27131299832e-05 0.999899665095 7.62177496859e-06
1 3.20646116036e-06 0.861878201183 0.138118592356
1 0.00660298029679 0.993190152559 0.000206867143989
1 0.414975756489 0.565336080638 0.0196881628734
1 0.283607050594 0.715718534949 0.000674414456689
1 0.00452077470547 0.825906340877 0.169572884417
2 0.000452786398342 0.423167616845 0.576379596757
2 3.34779644461e-05 0.0160599864634 0.983906535572
2 4.99534817982e-08 0.234764862348 0.765235087699
2 0.00292359971648 0.0146599092987 0.982416490985
2 0.648793713922 0.350799955041 0.000406331036683
2 4.57230772832e-10 0.00760814091954 0.992391858623
2 7.55199608841e-09 0.494775481675 0.505224510773
2 5.69937238139e-12 0.000463379675007 0.999536620319
2 0.941671346963 0.0583028522055 2.58008315311e-05
2 3.144816482e-08 0.0467973935361 0.953202575016
2 0.000939232967222 0.000101105695032 0.998959661338
2 2.89130477445e-06 3.48892147289e-07 0.999996759803
2 6.78297963885e-10 0.00501846348279 0.994981535839
2 0.0125470865508 0.524101463988 0.463351449462
2 1.32519990849e-13 4.43656479059e-05 0.999955634352
2 0.127857467786 0.716242416465 0.155900115749
2 4.26920920974e-05 0.0143487138829 0.985608594025
2 0.0573720513725 0.218362521619 0.724265427009
2 0.0238227020163 0.187042984702 0.789134313281
2 0.00269213061191 0.583900899093 0.413406970296
2 0.659875922451 1.85989898656e-05 0.340105478559
2 0.0118926637359 0.00115387254196 0.986953463722
2 1.12590174761e-09 0.00536862775502 0.994631371119
2 0.365349529338 0.530518912962 0.1041315577
2 0.234207898944 0.102638018522 0.663154082533
2 0.0222678730885 0.210764968464 0.766967158447
2 2.3502615484e-09 0.534544657428 0.465455340222
2 4.18140725709e-05 0.0174785993976 0.98247958653
2 0.644233333186 0.149749097386 0.206017569429
2 9.49284071775e-08 0.00860646938279 0.991393435689
