0 0.989646249819 0.0103537231801 2.70004756423e-08
0 0.998639173014 0.00136082698397 1.99143569691e-12
0 0.999993639522 6.36047780858e-06 1.85280647384e-13
0 0.430085628709 0.569914355149 1.61415408889e-08
0 0.992458012509 0.00754198190693 5.58450800272e-09
0 0.99802470384 0.00197521362765 8.25323838603e-08
0 0.388646748212 0.61128956189 6.36898978971e-05
0 0.99999994098 5.90195409521e-08 5.96923630246e-19
0 0.999999999938 6.19926409557e-11 1.45488928676e-18
0 0.995479954418 0.00452004557035 1.13043685612e-11
0 0.375305931926 0.624682751165 1.13169095759e-05
0 0.999997795495 2.20450504184e-06 3.01632386989e-17
0 1.0 8.21088414584e-16 1.97532205489e-25
0 0.999990698266 9.30173377898e-06 3.06995922396e-15
0 0.999903993573 9.60064230735e-05 3.72968286294e-12
0 0.999523133714 0.000476864857142 1.42873255742e-09
0 0.999999988313 1.16868560979e-08 4.55975718429e-22
0 0.999999994908 5.0919552328e-09 9.67515491699e-16
0 0.99884419168 0.00115580832024 8.58577876295e-16
0 0.999997102334 2.89766571627e-06 5.6246244617e-16
0 0.999941187676 5.88123244617e-05 3.68965617135e-14
0 0.982161430963 0.0178384407504 1.28286791728e-07
0 0.249302210121 0.75059438819 0.000103401689311
0 0.835510358898 0.164488484949 1.15615316519e-06
0 0.999996472078 3.52792155816e-06 5.16887050729e-16
0 0.877397053955 0.122456944747 0.000146001298318
0 0.99996572981 3.42701899374e-05 7.03518135762e-16
0 0.999953154147 4.68458528118e-05 1.14975040088e-14
0 0.998580453057 0.00141954296996 3.97310808422e-09
0 0.998331730162 0.00166826983522 2.41754886928e-12
1 0.00972855344666 0.987095311101 0.00317613545274
1 0.00027253415428 0.999654720351 7.2745494765e-05
1 0.00506562467622 0.994734871972 0.000199503351987
1 8.67448184543e-05 0.999762708873 0.000150546308756
1 0.507667550172 0.492172160289 0.000160289539669
1 0.00535399862968 0.984609321201 0.0100366801689
1 0.00432915095609 0.968718446057 0.0269524029874
1 0.000594965336653 0.99939200402 1.30306428883e-05
1 0.00677495618396 0.993005250149 0.000219793666829
1 0.00314746843813 0.995156826359 0.00169570520326
1 0.00312308984134 0.996872942083 3.96807587334e-06
1 0.000537129524042 0.998333246786 0.00112962368994
1 0.00011775312474 0.999882239335 7.5401669357e-09
1 3.71979302834e-06 0.999959916492 3.63637151546e-05
1 0.00346283040002 0.994745255717 0.00179191388272
1 0.000260094917362 0.999739903424 1.65848354171e-09
1 0.523888207426 0.475886063621 0.000225728953117
1 0.00496829462788 0.995031628389 7.69834341443e-08
1 4.52030748391e-05 0.999953718863 1.07806207132e-06
1 0.000114570657397 0.999880853487 4.57585597057e-06
1 0.000138514158042 0.999861410237 7.56052069852e-08
1 2.48382771397e-05 0.999975161699 2.41213517399e-11
1 0.000385058698251 0.999587278218 2.76630840646e-05
1 4.26847205391e-05 0.00858987699978 0.99136743828
1 2.02314596243e-05 0.999528646178 0.000451122362723
1 2.11405534922e-08 0.999626918913 0.000373059946927
1 5.92653917804e-05 0.999215620885 0.000725113722866
1 0.00728427365069 0.992688862709 2.68636407974e-05
1 0.00915206519665 0.985724734192 0.00512320061088
1 0.0235242818936 0.538470286864 0.438005431243
2 2.52388973257e-05 0.0238105752195 0.976164185883
2 3.07175135764e-07 0.0186697933963 0.981329899429
2 8.01171611938e-07 0.776554146063 0.223445052765
2 0.000701661031529 0.346157448576 0.653140890392
2 0.0089695910707 0.102170233647 0.888860175282
2 0.00198345593876 0.000427219798778 0.997589324262
2 1.10767780612e-09 0.00448911765838 0.995510881234
2 2.43589266633e-09 0.0117823500853 0.988217647479
2 0.000258591551652 0.99974140795 4.98081800463e-10
2 9.25512311116e-08 0.999389573795 0.000610333653348
2 0.200661299646 0.630504117532 0.168834582823
2 0.284310058045 0.663124344958 0.052565596997
2 4.99304935741e-05 0.832869321469 0.167080748037
2 0.000209141869794 0.026914267393 0.972876590737
2 4.83115429695e-11 0.000449420607547 0.999550579344
2 0.0064755739966 0.387430539721 0.606093886282
2 0.000407746992666 0.384980014389 0.614612238619
2 0.000359204275403 0.00554244353444 0.99409835219
2 0.0013640484654 0.00411836661814 0.994517584916
2 0.000713613837815 0.0322006697533 0.967085716409
2 0.00177505408785 0.952064112553 0.0461608333589
2 0.0322800156402 0.0305647861214 0.937155198238
2 4.89538559305e-09 0.294235566562 0.705764428542
2 0.00191338150497 0.208214617737 0.789872000758
2 0.00727753993714 0.632762021494 0.359960438569
2 0.00233651156432 0.356580395719 0.641083092717
2 8.91005452239e-10 0.00475875774748 0.995241241362
2 2.86955513483e-08 0.782057735972 0.217942235333
2 0.134500442954 0.133215458571 0.732284098475
2 8.28440940688e-05 0.0992762557251 0.900640900181
