0 0.0333515927381 0.764640589956 0.202007817306
0 0.51528447008 0.0613146535523 0.423400876367
0 0.543172762383 0.144694814359 0.312132423258
0 0.00244652146909 0.483120430955 0.514433047576
0 0.0450662687243 0.675284968436 0.27964876284
0 0.462046676626 0.295292212569 0.242661110805
0 0.209944600877 0.61310964532 0.176945753803
0 0.240808642751 0.224439071503 0.534752285746
0 0.212625256357 0.612366861224 0.175007882419
0 0.0371687817089 0.916325688403 0.0465055298879
0 0.131938460811 0.315681861181 0.552379678008
0 0.532380222935 0.0430154096921 0.424604367373
0 0.944052104308 0.0120405609614 0.0439073347309
0 0.437504112426 0.157415132985 0.405080754589
0 0.467603565735 0.129362695738 0.403033738527
0 0.00284640603199 0.770514825975 0.226638767993
0 0.829886899216 0.00114853763794 0.168964563146
0 0.361722868544 0.0548157967354 0.583461334721
0 0.572828371698 0.0199790921695 0.407192536132
0 0.177155620124 0.68281830873 0.140026071147
0 0.533867341096 0.0742952578488 0.391837401056
0 0.687374511717 0.036465942221 0.276159546062
0 0.20188147366 0.358239038128 0.439879488212
0 0.0276550633192 0.817873621318 0.154471315362
0 0.000332991926196 0.938856516472 0.0608104916022
0 0.397892608878 0.304259843745 0.297847547378
0 0.445818632921 0.241679228266 0.312502138812
0 0.549494748702 0.0594300459319 0.391075205366
0 0.00076100246904 0.488130394258 0.511108603272
0 0.0621204643718 0.274150038091 0.663729497538
1 0.0372473939929 0.962739689082 1.2916925157e-05
1 0.813581620911 0.0767955112023 0.109622867887
1 0.000101439188892 0.977897196424 0.0220013643872
1 0.00024249514809 0.999371564665 0.000385940186867
1 0.280950388157 0.630666736196 0.0883828756467
1 0.00413338552514 0.00101227108447 0.99485434339
1 0.000716255523231 0.974749206812 0.0245345376647
1 0.207047423148 0.636030843793 0.15692173306
1 0.970203093465 0.0297969051227 1.4120130899e-09
1 0.000214323299984 0.988836889127 0.0109487875725
1 0.371235153521 0.0232158535041 0.605548992974
1 0.870804580021 0.129168427091 2.69928884782e-05
1 0.000105522776904 0.997320961682 0.00257351554133
1 1.04950218573e-09 0.996359543969 0.0036404549811
1 0.232110626787 0.534918286628 0.232971086586
1 0.00147798471533 9.36472507003e-05 0.998428368034
1 0.331308878267 0.616680370055 0.0520107516778
1 8.34289399678e-06 0.00268788754868 0.997303769557
1 0.382062831045 0.479088487333 0.138848681622
1 0.279244899138 0.540713277196 0.180041823665
1 0.935655862955 2.02821902284e-09 0.0643441350171
1 0.00206743652072 0.991985425959 0.00594713752002
1 0.138024125432 0.607850259638 0.25412561493
1 0.0557076230597 0.86542110015 0.0788712767908
1 0.0206607608589 0.97636515211 0.00297408703102
1 0.189307808766 0.642774553991 0.167917637243
1 0.0832910535351 0.70964224157 0.207066704895
1 0.0158843352472 0.976752914774 0.00736274997904
1 0.00582812120189 0.982395516318 0.0117763624804
1 0.00525279925222 0.973367051044 0.0213801497041
2 4.33892248672e-05 0.865107789012 0.134848821763
2 0.036251855059 0.0470396333089 0.916708511632
2 0.052154136796 0.269536394822 0.678309468382
2 0.0334109333466 0.894695743782 0.0718933228717
2 0.152728272342 0.81408132584 0.0331904018177
2 0.0123435377448 0.105354624722 0.882301837533
2 0.000217410599577 0.114655388778 0.885127200622
2 0.209584956309 0.124055546277 0.666359497414
2 0.526207471125 0.041243592533 0.432548936342
2 0.0562650142039 0.712352417107 0.231382568689
2 0.30706005388 1.14583748683e-17 0.69293994612
2 0.506292419829 0.111098213478 0.382609366693
2 0.000374969888431 0.990974759026 0.00865027108595
2 0.000118837613911 0.850991965384 0.148889197002
2 0.0247922356581 0.00255137249442 0.972656391847
2 0.0101328661249 0.947647581486 0.0422195523888
2 0.0709908194449 0.091400538557 0.837608641998
2 8.59854560953e-06 6.60280099836e-06 0.999984798653
2 0.45505056844 0.259487539719 0.285461891841
2 0.334698945855 0.146442283848 0.518858770297
2 0.149739252794 0.84979625205 0.000464495156227
2 0.00352438169318 0.827744596506 0.168731021801
2 0.19670759579 0.101303237757 0.701989166453
2 0.961631081643 0.0276197351691 0.0107491831878
2 0.493587569487 0.306555878192 0.19985655232
2 0.325132049919 0.279256802592 0.395611147489
2 0.374107155862 0.395694386105 0.230198458032
2 0.301799973379 0.367184590542 0.331015436079
2 0.0974997711988 0.172802614869 0.729697613932
2 0.000733055715699 0.880831701967 0.118435242317
