0 0.658784550086 0.323207833531 0.0180076163836
0 0.999999972899 1.55979890241e-23 2.7100912111e-08
0 0.168920135331 7.76528177559e-14 0.831079864669
0 0.972147831226 0.027852168774 1.1021479672e-13
0 0.999997362929 2.63638343602e-06 6.87675075564e-10
0 0.152386911552 0.847613088387 6.17868804188e-11
0 0.003352288778 0.996493365148 0.000154346073996
0 1.0 1.66286178807e-17 6.05750198845e-20
0 0.924957683306 3.76203978172e-09 0.0750423129316
0 0.991478453907 0.00852154609263 5.57697533583e-20
0 1.0 5.61786179517e-17 8.70580919826e-14
0 3.60319457158e-05 0.000267925191632 0.999696042863
0 1.66346603428e-05 0.99998336534 2.00125667721e-27
0 0.99999999993 6.99385736685e-11 2.06473056704e-20
0 0.584530594222 0.415469404253 1.52473407187e-09
0 0.24547340466 2.10986029376e-14 0.75452659534
0 1.0 7.5419525458e-15 1.84040583645e-21
0 1.0 8.76620090185e-20 9.35970785567e-26
0 0.999934846696 3.23136667168e-29 6.5153303605e-05
0 0.178770438696 4.9280203363e-21 0.821229561304
0 0.0429630989615 3.61215572255e-12 0.957036901035
0 0.999999999999 9.71387714872e-23 8.72859225572e-13
0 0.0626701498324 0.00023538921003 0.937094460958
0 0.999905056375 3.48312649766e-05 6.0112359875e-05
0 8.35402408785e-05 3.0282312064e-16 0.999916459759
0 0.0835242115186 0.916475781333 7.14879981546e-09
0 0.999999999472 5.28436090735e-10 1.4897955727e-24
0 0.999999999962 2.14198395111e-18 3.76193755105e-11
0 0.999997017961 2.98203867367e-06 2.05126534124e-23
0 0.999697290904 0.000175617375573 0.000127091720691
1 4.00308421929e-09 0.999999995997 1.09019557539e-30
1 6.65735966453e-12 0.999999999988 4.85990098457e-12
1 0.450446261325 0.0742574968654 0.47529624181
1 0.419798451293 0.580201517562 3.11458866829e-08
1 5.99242684767e-07 0.999999400757 5.327075426e-13
1 0.0501484375958 0.0102204263308 0.939631136073
1 0.0704955791532 0.929504420847 5.43614732655e-15
1 1.08644218348e-06 0.999998913558 6.04913933914e-19
1 1.75135918304e-09 0.00863467035309 0.991365327896
1 0.000369279553495 0.877254799557 0.12237592089
1 0.0141581942996 0.985841674712 1.30988020794e-07
1 4.94168060058e-06 0.999995058319 2.12071463135e-16
1 2.51097302119e-05 0.950130836954 0.0498440533158
1 3.19631957991e-20 2.21926622351e-22 1.0
1 6.89845080521e-07 0.999999310155 3.06329579432e-14
1 0.280294142155 0.719130671052 0.000575186792494
1 1.15372735499e-07 0.999999884627 3.85741035137e-27
1 5.0555374003e-21 1.0 1.51217502923e-57
1 0.999998755779 1.24422045304e-06 6.38011946965e-14
1 0.444501524378 0.54738480172 0.00811367390185
1 2.24773442856e-12 0.999999999998 1.79115389912e-43
1 0.000392885837452 4.45920906539e-09 0.999607109703
1 6.67183809759e-07 0.999999332816 1.89081700726e-13
1 0.000118587471927 0.976131062707 0.0237503498212
1 0.0689170819603 0.928995760229 0.00208715781044
1 1.59090854338e-14 0.99991877492 8.12250801528e-05
1 1.52620405675e-21 0.999999986967 1.30327570104e-08
1 1.04855053842e-06 0.999998951449 7.47697326421e-38
1 0.0533982942498 0.946601294217 4.1153332766e-07
1 0.999891212188 8.81208983054e-11 0.000108787724183
2 6.03112910937e-11 1.09919437207e-08 0.999999988948
2 0.00335548965566 0.0142477194216 0.982396790923
2 0.147681829564 0.852317686925 4.83510576379e-07
2 0.940456322911 0.0302793929423 0.0292642841467
2 0.980451221604 0.0195487783942 1.8239036198e-12
2 0.00114973366727 0.0600231617675 0.938827104565
2 0.0364920007007 0.0546467764402 0.908861222859
2 0.00638540701675 0.0164893576911 0.977125235292
2 0.000102679052677 0.999897320947 2.94854731768e-26
2 0.930088456797 5.23861196937e-05 0.0698591570835
2 0.99201681778 0.0079831822203 1.94444031366e-14
2 0.000987940618173 2.92439954092e-15 0.999012059382
2 1.13086926592e-21 6.71309335972e-16 1.0
2 0.999998126386 1.64277958453e-07 1.70933601165e-06
2 0.921634312501 2.64037005319e-05 0.0783392837986
2 0.919575953043 0.0804240219262 2.50312018782e-08
2 0.999927404082 1.24288884861e-06 7.13530294961e-05
2 5.17534001727e-06 6.55865821156e-14 0.99999482466
2 3.55860962045e-06 0.122549847098 0.877446594292
2 0.000774126700761 2.37390108305e-06 0.999223499398
2 0.999999916323 8.36772195472e-08 8.97722780245e-14
2 0.0836091903338 8.25669265371e-05 0.91630824274
2 0.246402730522 6.85951644326e-05 0.753528674314
2 1.2762097129e-07 2.08653858328e-06 0.99999778584
2 0.988774720497 0.0112252795021 7.37221907566e-13
2 1.76365856936e-05 0.999964339899 1.80235149208e-05
2 0.985167646042 0.0148323241819 2.97765295884e-08
2 0.146402073552 1.76364414538e-08 0.853597908812
2 0.663080121234 0.319543808366 0.0173760703996
2 0.0746832670552 0.00358284842753 0.921733884517
