0 0.929117789033 0.0395566472427 0.0313255637239
0 0.00172982841578 2.17048838302e-08 0.998270149879
0 2.85165782578e-05 9.16743869408e-08 0.999971391747
0 0.00225712905846 1.77065851555e-06 0.997741100283
0 0.23827035819 0.701839934983 0.0598897068269
0 0.999979822454 2.01718360643e-05 5.70956974363e-09
0 0.953148585957 0.031736671178 0.0151147428654
0 0.536933250535 2.28827573473e-08 0.463066726582
0 0.785834212633 3.91873051902e-15 0.214165787367
0 0.999993235184 1.5593473571e-09 6.76325622733e-06
0 0.504441314988 0.000262359019443 0.495296325993
0 0.421772478249 1.76812553559e-06 0.578225753626
0 0.286796173755 1.02827603914e-22 0.713203826245
0 0.000122333853457 0.00661272878767 0.993264937359
0 0.984349865963 7.40674397738e-09 0.01565012663
0 0.00660697487315 3.15704225317e-09 0.99339302197
0 0.999761995169 3.12685472985e-09 0.00023800170437
0 0.00101891120761 7.45640776144e-07 0.998980343152
0 0.00977590463786 6.71724966889e-06 0.990217378112
0 0.133542250823 2.74765792701e-07 0.866457474411
0 0.000718439610415 8.78532155628e-06 0.999272775068
0 5.99463795036e-05 5.39539149376e-13 0.99994005362
0 0.129776281928 0.00981304031157 0.860410677761
0 0.782818044658 0.132635029148 0.0845469261937
0 1.11505673664e-05 0.999986781617 2.06781567961e-06
0 0.997921659809 0.00166642086681 0.000411919324545
0 0.99496766757 1.38412501496e-06 0.00503094830479
0 0.00632432793574 2.5644529559e-07 0.993675415619
0 0.902201121111 0.00288877972282 0.0949100991658
0 0.903908333266 6.52140352443e-06 0.0960851453301
1 5.9811303142e-13 0.999999999998 1.14113178824e-12
1 0.69481811665 0.000689665093382 0.304492218257
1 2.50803830562e-05 0.999974479235 4.40382244312e-07
1 0.000946312836655 2.31902695419e-07 0.999053455261
1 4.26954760927e-06 0.999995730452 6.63837920027e-22
1 0.0285665915905 0.71475080234 0.256682606069
1 5.65912525625e-05 0.825342982294 0.174600426453
1 4.16240854503e-07 0.999999575716 8.04267214521e-09
1 0.133311165442 8.11892803697e-09 0.86668882644
1 0.0105857414372 0.753183562918 0.236230695644
1 0.044743375665 0.935372007794 0.0198846165412
1 0.00225454670923 0.940916091568 0.0568293617224
1 0.0652534334167 0.00466122703294 0.93008533955
1 6.92755111971e-06 2.08277631024e-20 0.999993072449
1 0.000108646319056 0.999891352304 1.37720780986e-09
1 0.075020603991 1.53258399466e-17 0.924979396009
1 7.53403146419e-11 0.999999999925 2.71767009359e-15
1 0.893879591671 1.14454673159e-14 0.106120408329
1 0.0152966345991 0.00462110681696 0.980082258584
1 8.11654683238e-06 0.999990003019 1.88043372124e-06
1 0.0022445559727 0.997755083335 3.60692517377e-07
1 1.27952173597e-08 0.99999995632 3.08848732649e-08
1 0.997538937383 4.27978438954e-09 0.00246105833754
1 2.17669210896e-13 1.0 1.08757345041e-17
1 0.699049738592 0.294689378589 0.00626088281973
1 0.00328954904068 0.987081753257 0.0096286977021
1 0.0893716654156 0.000302281171075 0.910326053413
1 0.0312627835975 0.968188717994 0.000548498408991
1 0.00624969485886 0.993694571483 5.57336584077e-05
1 4.79922030626e-10 0.99999999952 9.51427082868e-14
2 9.13857616936e-06 1.44630342573e-12 0.999990861422
2 2.92894473519e-06 0.864101100979 0.135895970076
2 0.876313208347 0.104639529555 0.0190472620987
2 1.90632526298e-05 3.02882537498e-05 0.999950648494
2 0.997146401431 1.95550204252e-06 0.00285164306683
2 0.975806773127 0.0226819335021 0.00151129337111
2 1.26399755846e-08 3.38352937226e-12 0.999999987357
2 0.447034424759 0.00146951827982 0.551496056961
2 0.999999250603 1.8481569598e-14 7.49396945702e-07
2 0.00502640651621 0.994972364157 1.22932634799e-06
2 0.924839508681 6.59054968235e-15 0.0751604913187
2 2.75083949197e-05 7.26449375618e-12 0.999972491598
2 0.000173866179584 0.0806031886257 0.919222945195
2 2.24740908555e-07 0.00031868295158 0.999681092308
2 0.0344492359504 0.130253300542 0.835297463507
2 0.997595102582 1.57602001447e-06 0.00240332139829
2 3.21911616531e-06 4.81281294364e-08 0.999996732756
2 0.00235559259995 0.970385152313 0.0272592550867
2 0.336936038964 0.00743940144607 0.65562455959
2 0.59597773084 0.180188908503 0.223833360657
2 0.000534433887406 0.00514927794942 0.994316288163
2 0.393863927198 4.74279474142e-08 0.606136025374
2 0.00717837386776 0.93194366726 0.0608779588721
2 0.991219693798 0.000148649619604 0.00863165658223
2 0.991366690461 3.72892659147e-07 0.0086329366463
2 0.273011131273 1.29248123213e-06 0.726987576246
2 0.999351913552 1.07076795545e-05 0.000637378768871
2 1.40789338444e-07 1.90301281716e-11 0.999999859192
2 0.408771701663 0.509462576487 0.0817657218505
2 0.360654725269 1.37120863371e-05 0.639331562645
