0 0.93195256796 0.060556590461 0.00749084157927
0 0.421114674301 3.60935803489e-08 0.578885289606
0 7.78476818264e-09 2.63928905221e-13 0.999999992215
0 0.552158646818 4.48182816255e-10 0.447841352734
0 0.524936586377 0.474553760109 0.000509653514084
0 0.991318094859 0.00818445612204 0.000497449019043
0 0.453258663253 0.485930655416 0.0608106813303
0 0.999999873859 1.65772383767e-11 1.26124782386e-07
0 3.26056080444e-05 1.06645075548e-16 0.999967394392
0 0.999878680623 4.31951174544e-09 0.000121315057207
0 0.999293349042 0.00018593597836 0.000520714979174
0 0.135216900061 1.02062865963e-07 0.864782997877
0 0.0176709311532 2.11605148858e-28 0.982329068847
0 0.00917909966217 0.987249603179 0.00357129715904
0 0.92657980809 1.40117437896e-09 0.0734201905091
0 4.9920750343e-10 2.1026268757e-14 0.999999999501
0 0.996744092302 6.4408535583e-05 0.00319149916278
0 0.886233886065 0.00137572185139 0.112390392083
0 0.0216725233669 8.70112366494e-09 0.978327467932
0 2.77505775867e-08 1.25913980455e-11 0.999999972237
0 0.714841621851 0.000195081667579 0.284963296481
0 0.00829315900256 2.84417654851e-13 0.991706840997
0 0.980945969731 0.000744545732772 0.0183094845366
0 0.999925995203 2.95338016896e-05 4.44709952796e-05
0 1.76155426894e-09 7.16252624683e-05 0.999928372976
0 0.998948811797 0.000169129194594 0.000882059008876
0 0.996945717442 0.000550516571371 0.00250376598649
0 0.991762176518 2.67421914512e-05 0.00821108129046
0 0.797007309105 0.202970037284 2.26536109436e-05
0 1.96522822713e-06 5.16107233287e-10 0.999998034256
1 5.49374669779e-13 0.999999999982 1.73400913236e-11
1 0.000125619023055 0.000533121474581 0.999341259502
1 0.0292479274657 0.954706934407 0.0160451381272
1 9.29833489432e-05 5.44214625494e-09 0.999907011209
1 3.43172122226e-09 0.999999969858 2.67106911405e-08
1 0.00273050523278 0.997232652752 3.68420151765e-05
1 0.822618881754 0.171655861365 0.00572525688091
1 9.48743886839e-09 0.999999981511 9.00132378209e-09
1 4.14333737604e-06 2.74242033905e-10 0.999995856388
1 0.995032746818 0.00450808141573 0.000459171766766
1 2.88626698895e-06 0.857658553802 0.142338559931
1 0.721167155817 0.276433558578 0.00239928560538
1 0.998623709348 0.00062774351749 0.000748547134519
1 1.31984572313e-06 3.37266085785e-20 0.999998680154
1 3.74570870428e-06 0.999996216296 3.79952777526e-08
1 2.17079425029e-07 7.28960761621e-23 0.999999782921
1 4.79992702963e-13 0.99999999988 1.19823508195e-10
1 0.785835496647 7.45282139445e-13 0.214164503352
1 2.20178100497e-09 1.14626468403e-06 0.999998851534
1 3.87292019782e-07 0.99741399167 0.00258562103782
1 1.35619558513e-08 0.999999986438 2.63955082025e-13
1 7.23102935048e-08 0.999999543373 3.84317179583e-07
1 0.459462085195 5.34207325819e-06 0.540532572731
1 1.39700903102e-11 0.999999999928 5.84530325553e-11
1 0.924201130275 0.0754169612091 0.000381908516431
1 0.000720406123006 0.975613006733 0.0236665871443
1 0.00143800250464 0.000259928988717 0.998302068507
1 0.0028346437397 0.997163976826 1.37943389116e-06
1 0.0461584716615 0.953825683646 1.58446927323e-05
1 8.39824506779e-12 0.999999999644 3.47730131309e-10
2 1.36904444313e-06 6.79691243331e-22 0.999998630956
2 0.000332060326613 0.0142557332398 0.985412206434
2 0.44525611611 0.551338522689 0.00340536120046
2 0.000433480371906 0.000234121818824 0.999332397809
2 0.998532290019 2.22001839894e-08 0.0014676877809
2 0.733802133314 0.266197757063 1.09622720277e-07
2 0.000175077886744 2.71571798702e-11 0.999824922086
2 0.691890062869 0.0396434678525 0.268466469278
2 0.994182339139 2.31193414855e-05 0.00579454151981
2 2.64097156755e-08 0.178434096774 0.821565876816
2 0.950216446896 6.43849361857e-16 0.049783553104
2 2.84609252063e-17 1.42752841351e-17 1.0
2 7.15707257242e-07 4.61758771349e-22 0.999999284293
2 1.91832738285e-10 3.20414892947e-10 0.999999999488
2 0.907114415761 0.0928855827909 1.44843599157e-09
2 0.998855591417 6.81457482575e-06 0.0011375940081
2 0.00383784532346 8.4363731341e-07 0.996161311039
2 1.00292232043e-05 0.00508627525345 0.994903695523
2 0.913373688764 0.0475722722135 0.0390540390225
2 0.710893020597 0.289084430807 2.25485960146e-05
2 6.97500012629e-07 0.000362761304841 0.999636541195
2 3.39631906628e-05 3.82490358703e-09 0.999966032984
2 0.926330959185 0.00203040299729 0.0716386378174
2 0.977004438463 0.0229930753597 2.48617710083e-06
2 0.878456870223 1.19027305726e-09 0.121543128587
2 0.680244660851 1.75716750177e-06 0.319753581982
2 0.768465948575 0.000146473969422 0.231387577455
2 1.25258381671e-05 9.89776772292e-12 0.999987474152
2 0.70417390137 0.112305762486 0.183520336144
2 0.332425602151 9.14387888589e-05 0.66748295906
