0 0.0219598751772 0.0082129772783 0.969827147544
0 0.00296075077686 0.00263594930219 0.994403299921
0 0.981764395311 0.0168736092087 0.00136199548036
0 0.107606057131 0.0260542297436 0.866339713126
0 0.0109613642771 0.000649779743727 0.988388855979
0 0.916711962934 0.000225484106247 0.0830625529597
0 0.0745052905005 0.0410409361457 0.884453773354
0 2.79184842864e-13 0.999999999998 1.3957405549e-12
0 0.966836615107 0.000353536068859 0.0328098488238
0 0.388355661168 0.610892307341 0.00075203149153
0 0.0615556126289 0.0458438205395 0.892600566832
0 0.94900077786 0.0509992218675 2.72593032529e-10
0 0.894277698431 0.105722300636 9.33633085618e-10
0 0.999118587516 1.72256637921e-07 0.000881240227212
0 0.513366474662 0.0139669024558 0.472666622883
0 0.876107510505 0.00268690231429 0.121205587181
0 0.396290630259 0.000329738794893 0.603379630947
0 1.75788037823e-05 2.5795947425e-17 0.999982421196
0 0.00289844633325 0.000177368404948 0.996924185262
0 0.954117581524 0.000840789663278 0.0450416288123
0 0.0457033414929 0.954296589715 6.87918193963e-08
0 0.00519978500187 0.000223200927736 0.99457701407
0 0.00141063788553 3.81559505037e-06 0.998585546519
0 0.0119955407955 0.00133740758285 0.986667051622
0 0.00071265380795 0.000100977144298 0.999186369048
0 0.968040097446 0.0125093537556 0.0194505487984
0 0.743453061419 1.33104431657e-06 0.256545607536
0 5.47451048031e-06 4.206498627e-11 0.999994525447
0 1.97968641819e-07 0.000155610047365 0.999844191984
0 0.988460485748 0.00971091553836 0.00182859871403
1 0.000791411604862 0.999207606905 9.81490567543e-07
1 9.64873458456e-05 0.999903512569 8.48615720283e-11
1 0.000114326629448 0.00641478852333 0.993470884847
1 0.000352056600039 0.99878263015 0.000865313249753
1 0.088426013856 0.911383892117 0.0001900940274
1 3.53164496342e-09 0.999999995954 5.13896134932e-10
1 4.85173685162e-05 0.00770961863856 0.992241863993
1 0.00421570150608 0.995768499124 1.5799369436e-05
1 0.999639864527 0.00026368313497 9.64523378684e-05
1 0.00072129847626 0.00123614522958 0.998042556294
1 0.000819308983158 3.60589466786e-05 0.99914463207
1 0.0964723736136 0.196793496524 0.706734129862
1 5.97484545347e-05 0.996338248594 0.00360200295176
1 1.1305273572e-08 5.00961026005e-16 0.999999988695
1 0.169654241335 0.822757805583 0.00758795308194
1 0.914336879649 0.000104684765061 0.0855584355862
1 0.0512430582736 0.948690837256 6.61044706654e-05
1 4.94297949298e-09 0.999999995057 8.00973312209e-16
1 0.953441111588 0.0431326033958 0.00342628501651
1 0.00718626294659 0.99264296507 0.000170771983686
1 3.41097197521e-07 0.999999658903 4.66687350142e-14
1 0.0752297894065 0.882577527814 0.0421926827798
1 0.00439927947576 0.995600715926 4.59862282114e-09
1 0.000180662082752 0.999815919325 3.41859190654e-06
1 0.0880259009608 0.798095746565 0.113878352474
1 5.18732872228e-12 0.999999997785 2.20972660789e-09
1 2.7670557105e-08 0.999999971653 6.76155965093e-10
1 3.64694939027e-05 0.999963525662 4.84442403943e-09
1 0.00893037193101 0.862951083031 0.128118545038
1 0.575906728886 0.396487002061 0.0276062690531
2 1.08564709018e-15 2.3123403242e-16 1.0
2 8.67368808601e-14 1.91961380235e-12 0.999999999998
2 3.75276340236e-07 1.90866979864e-06 0.999997716054
2 0.0222449968626 4.09467568649e-05 0.97771405638
2 0.946182534812 0.000762110114392 0.0530553550735
2 2.55417942112e-15 4.36482889758e-05 0.999956351711
2 4.69347104213e-06 3.10926942206e-05 0.999964213835
2 0.671129913935 0.0190899425627 0.309780143503
2 0.925689945343 0.0743100537518 9.04887489892e-10
2 0.997809250266 6.1947397355e-07 0.00219013025956
2 0.940475933126 0.0518566207296 0.00766744614475
2 0.938327127047 3.98232945279e-05 0.0616330496588
2 1.58568313984e-12 5.90699075577e-11 0.999999999939
2 2.7932545901e-13 4.38814128068e-13 0.999999999999
2 6.51688593207e-07 0.999999113222 2.35089646413e-07
2 1.41200581786e-05 2.1572818926e-16 0.999985879942
2 0.0318555063668 6.82014548426e-05 0.968076292178
2 0.96287381934 1.08248544394e-14 0.0371261806599
2 0.000380099000992 7.63967626846e-11 0.999619900923
2 0.00522531771702 1.08573266124e-07 0.99477457371
2 0.154032676425 0.116392000211 0.729575323364
2 0.932299301871 0.000924088642452 0.0667766094861
2 0.000520693821449 0.0200135389185 0.97946576726
2 1.25343824296e-14 0.999998750424 1.24957630198e-06
2 0.128963710902 0.864914029392 0.00612225970653
2 0.8119672252 0.132788881966 0.0552438928335
2 0.428454529015 0.511519103729 0.0600263672559
2 0.982373828616 6.18322763393e-05 0.0175643391072
2 0.0995509872411 0.876265550255 0.0241834625043
2 0.00437222844615 5.71616734515e-08 0.995627714392
