0 3.9348788513e-07 1.95151547952e-05 0.999980091357
0 1.62626187729e-08 1.83695855329e-06 0.999998146779
0 9.86548852323e-24 4.15215918515e-25 1.0
0 0.200639650282 1.99358025038e-15 0.799360349718
0 6.20112441258e-05 0.18439090819 0.815547080566
0 0.0269074014756 0.973014352724 7.82458006265e-05
0 1.62270329339e-09 0.958513006567 0.0414869918107
0 3.206592795e-26 3.66576544407e-24 1.0
0 3.95794032207e-32 4.79376651204e-33 1.0
0 1.0 2.3036352555e-14 7.3539828594e-17
0 0.766901110451 2.6536325789e-12 0.233098889546
0 0.999999999664 3.34761069053e-10 7.71374727024e-13
0 0.999999999994 2.47982593998e-14 6.20917750393e-12
0 7.33874891403e-29 1.92172391197e-12 0.999999999998
0 0.00380585482172 0.431357362687 0.564836782492
0 1.75307315783e-16 7.56445369317e-23 1.0
0 0.999761522182 8.99610882579e-12 0.000238477809276
0 5.31272128584e-06 5.70632573483e-08 0.999994630215
0 0.343260888856 9.97775672972e-12 0.656739111134
0 1.27673128095e-33 8.404261543e-44 1.0
0 6.83505851014e-16 1.92744762677e-07 0.999999807255
0 0.0149958235161 0.0469822570607 0.938021919423
0 0.99999984473 1.55269931486e-07 7.16275948204e-14
0 0.892084375883 0.107906343577 9.28053965528e-06
0 1.50243111933e-10 0.00106714821192 0.998932851638
0 0.353715787778 0.646254255731 2.9956490718e-05
0 0.241879504914 4.18534016165e-13 0.758120495086
0 0.0534777677244 0.0146753257235 0.931846906552
0 4.60284511538e-08 1.26050144957e-06 0.99999869347
0 0.000800556827461 3.35048078828e-13 0.999199443172
1 9.39054050248e-40 1.0 1.09992338372e-17
1 3.83551762235e-20 6.92324005924e-21 1.0
1 5.97089850516e-18 0.000233287279115 0.999766712721
1 3.927252273e-14 0.0138529870166 0.986147012983
1 8.4180114084e-13 3.28147307554e-05 0.999967185268
1 3.97992495378e-09 1.02969803339e-09 0.99999999499
1 2.66021251801e-13 0.999999999982 1.7605634483e-11
1 6.44541859566e-42 0.999796918759 0.000203081241034
1 8.0580299728e-09 4.28055289509e-08 0.999999949136
1 5.70582689088e-10 0.989790713833 0.0102092855968
1 0.999990978412 1.11655742444e-09 9.02047138321e-06
1 0.0161192964205 0.0215875355181 0.962293168061
1 1.78506040686e-23 0.999999999989 1.08592681057e-11
1 4.54883022106e-22 3.64921039844e-06 0.99999635079
1 3.10297716474e-18 0.151575446124 0.848424553876
1 0.999999980965 1.06331044349e-28 1.90345883048e-08
1 6.11888255631e-28 0.999999999974 2.6024007255e-11
1 6.82030581108e-87 1.0 1.58173932805e-18
1 8.21362630914e-27 5.23368174458e-19 1.0
1 2.23309899235e-07 7.85856370848e-06 0.999991918126
1 2.67024939934e-49 1.0 5.25693914473e-24
1 0.110681233177 0.889318613068 1.53755504424e-07
1 8.88295176537e-18 3.23721991784e-19 1.0
1 3.59581312457e-22 0.999999999999 8.69721647435e-13
1 4.04707946445e-14 0.999999999963 3.71448045694e-11
1 1.35729707811e-19 0.0145142703402 0.98548572966
1 7.25548681534e-28 0.484505847419 0.515494152581
1 3.50301030507e-25 0.999999999816 1.84015639179e-10
1 6.53767224879e-08 0.999998882607 1.05201609663e-06
1 1.48413874649e-11 0.999999991777 8.2076877754e-09
2 0.999999997904 1.9119261905e-19 2.09648917839e-09
2 1.9333523592e-16 3.75216312598e-11 0.999999999962
2 1.54724631752e-08 6.08236042416e-07 0.999999376291
2 0.00366939455552 0.0016509000475 0.994679705397
2 1.6450772442e-15 8.78668919462e-05 0.999912133108
2 5.12955504041e-12 1.28815891947e-26 0.999999999995
2 0.999999999998 4.32835507168e-14 2.2392105032e-12
2 1.12361189233e-07 0.0160163351995 0.983983552439
2 6.21031768495e-26 1.00884087919e-27 1.0
2 1.79347443249e-10 5.33426496965e-10 0.999999999287
2 7.23664616375e-05 0.626400265245 0.373527368293
2 2.68328209079e-24 1.10937369656e-27 1.0
2 0.987320343959 1.84403192265e-20 0.0126796560407
2 4.94345394839e-07 0.152129565406 0.847869940249
2 0.999998826826 4.16708156649e-12 1.17317003796e-06
2 1.44031509888e-12 0.476467365584 0.523532634415
2 7.91744167419e-09 3.44962391594e-09 0.999999988633
2 5.43415760951e-20 2.19938436572e-15 1.0
2 0.450900050527 0.529505543606 0.0195944058674
2 8.4950211945e-08 7.81245228049e-12 0.999999915042
2 1.94665374359e-05 2.43521700025e-10 0.999980533219
2 5.08479015628e-10 1.63597527174e-11 0.999999999475
2 0.999984109918 8.22121128959e-11 1.58899999953e-05
2 2.70091685559e-07 1.0991247629e-12 0.999999729907
2 0.430057822434 0.323280148395 0.246662029171
2 1.90962456105e-06 7.5078269181e-10 0.999998089625
2 1.25008011042e-05 0.255019279552 0.744968219646
2 1.54260954421e-15 6.69918533682e-21 1.0
2 0.99421275599 0.00419944414469 0.0015877998658
2 6.8870472627e-12 0.0043705020318 0.995629497961
