0 0.407965494817 0.130579768915 0.461454736268
0 0.273707334862 0.000358458970323 0.725934206168
0 0.442526967513 0.117813269441 0.439659763046
0 0.170495289312 1.75905690684e-05 0.829487120118
0 0.318701939435 0.0309185479022 0.650379512663
0 0.160399542037 0.7840458195 0.0555546384625
0 0.295849300676 0.381667538796 0.322483160527
0 0.419805044023 0.0446471398044 0.535547816173
0 0.51987518375 0.0246280986961 0.455496717554
0 1.24322412524e-06 0.999998756734 4.23352896071e-11
0 0.316319302515 0.00248370420949 0.681196993276
0 0.271771806343 0.000183115515383 0.728045078142
0 0.531434521668 0.370583821918 0.097981656414
0 0.323233729846 0.00125129180865 0.675514978345
0 0.161523501705 0.769583794203 0.0688927040923
0 0.566130707807 0.105438367647 0.328430924546
0 0.276608243529 0.00162434290243 0.721767413569
0 0.345447336777 0.000204301496586 0.654348361726
0 0.243999192212 5.84236064895e-05 0.755942384181
0 0.587870295178 0.046651552758 0.365478152064
0 0.296651764664 0.000557529277887 0.702790706058
0 0.359868293819 0.000343295863586 0.639788410317
0 0.233358673994 0.00438932969929 0.762251996307
0 0.484566335874 0.0841545871415 0.431279076984
0 0.529237923038 0.00263567308929 0.468126403873
0 0.167373848632 0.763665901585 0.0689602497835
0 0.454621744605 0.315817959006 0.229560296389
0 0.314262747009 0.000319252886656 0.685418000105
0 0.485931260816 0.0199049091238 0.49416383006
0 0.0862894318113 0.887676454996 0.0260341131923
1 4.20386781919e-06 0.999995795661 4.7121597434e-10
1 0.786356023535 0.213643976298 1.67047380539e-10
1 0.448250217015 0.144164092573 0.407585690411
1 0.00704317187933 0.991441765761 0.00151506235947
1 0.00461310352004 0.994858019983 0.00052887649731
1 0.0363690096916 0.000277987112973 0.963353003195
1 0.291132957981 0.0861577737819 0.622709268237
1 0.000256831875684 0.999713007942 3.01601821242e-05
1 0.000269562040896 0.999687110108 4.33278511375e-05
1 0.253778807524 0.586318693612 0.159902498864
1 0.158717284192 3.56790960269e-06 0.841279147898
1 0.276699103392 0.307240471244 0.416060425364
1 0.18134737768 0.75779637183 0.0608562504904
1 0.431023958215 0.0339762936281 0.534999748157
1 0.0125098331885 0.983988237665 0.00350192914653
1 0.0420791134813 0.957518945321 0.000401941197549
1 0.00034773480502 0.99963279971 1.94654849269e-05
1 7.06466672761e-13 0.999999999999 1.90191238994e-16
1 0.103514770025 0.877269750052 0.0192154799228
1 0.0033606867308 0.996097673905 0.000541639363817
1 0.664713803619 0.202604105435 0.132682090946
1 0.0137516374643 0.983738925324 0.00250943721177
1 0.330242846267 0.0200459774448 0.649711176288
1 0.00211820039165 0.995622699446 0.00225910016194
1 0.0060060510959 0.992739035028 0.00125491387659
1 0.370170811079 0.266494639897 0.363334549024
1 0.343523415475 0.0511700734676 0.605306511057
1 0.695188008508 0.182779950275 0.122032041217
1 0.0422024748356 0.938216121854 0.0195814033106
1 0.0298502014194 0.956508641765 0.0136411568158
2 0.114287281773 0.00421783765983 0.881494880567
2 0.252443720958 0.000165660935546 0.747390618106
2 0.287540823764 0.00238873759355 0.710070438643
2 0.423617777161 0.200403465721 0.375978757118
2 0.308399467107 0.514397549003 0.17720298389
2 0.448414226453 0.00136549434506 0.550220279202
2 0.0774865012647 0.017360555869 0.905152942866
2 0.344021851845 0.236418855266 0.419559292889
2 0.323634858958 7.95806442005e-05 0.676285560398
2 0.0657124452923 0.927497289124 0.00679026558406
2 7.45543509289e-05 0.999920282585 5.16306416217e-06
2 0.391881496781 0.000553639760078 0.607564863459
2 0.304333847799 0.179400702316 0.516265449885
2 0.369162278851 0.00240063874897 0.6284370824
2 0.075958284706 0.000898062182564 0.923143653111
2 0.435643828934 0.293571755649 0.270784415417
2 0.232356051424 0.000426037668267 0.767217910907
2 0.364340821897 0.135868723231 0.499790454872
2 0.387568296206 0.0832703252604 0.529161378533
2 0.225360619621 0.000925335948411 0.773714044431
2 0.977047212089 0.0178113388293 0.00514144908147
2 0.433463475463 0.0250558456419 0.541480678896
2 0.188271905729 0.000387936767497 0.811340157504
2 0.94744632699 0.0525449503564 8.72265384669e-06
2 0.561648007251 0.0363020789733 0.402049913775
2 0.00861057939418 0.988501345852 0.00288807475337
2 0.0145947944545 0.980991715476 0.00441349006936
2 0.374948048164 0.00482392770611 0.62022802413
2 0.0752573750887 0.86819320864 0.0565494162712
2 0.415272425914 0.229117481861 0.355610092226
