0 0.999967769742 3.22197302208e-05 1.05279323202e-08
0 2.10162062591e-06 1.7660988465e-15 0.999997898379
0 6.62198854295e-07 2.2438418064e-21 0.999999337801
0 0.999946209914 1.66597905752e-09 5.37884202419e-05
0 0.0183660792792 1.02662495116e-05 0.981623654471
0 0.997857841214 0.00214194182452 2.16961785419e-07
0 0.440431600552 0.532061001478 0.0275073979699
0 1.13899758908e-10 1.4905334265e-18 0.999999999886
0 6.4792435505e-13 9.57518252107e-22 0.999999999999
0 0.000833700455799 0.999166299539 5.59005041975e-12
0 0.000170143280203 4.7724222222e-12 0.999829856715
0 0.988889506667 1.19378984118e-06 0.0111092995435
0 2.39454285885e-14 1.0 2.48507661775e-33
0 0.999999999758 2.4372563314e-15 2.41754848955e-10
0 0.999991811774 8.05183129792e-06 1.36395197773e-07
0 1.33862029522e-11 4.24476771818e-21 0.999999999987
0 0.999999999545 1.74483358863e-16 4.55146086218e-10
0 1.73702453434e-15 7.42066663737e-22 1.0
0 0.998391432511 7.54037563632e-21 0.00160856748935
0 7.43067541235e-12 5.42113290848e-13 0.999999999992
0 4.22985799092e-09 4.3049033243e-23 0.99999999577
0 0.883644511569 5.784539586e-41 0.116355488431
0 0.999076362158 0.00070007626318 0.000223561578727
0 0.999576437 7.85963281182e-09 0.000423555140283
0 0.999982686462 1.50861773216e-26 1.73135378069e-05
0 0.950947057744 0.0490067729964 4.61692593593e-05
0 0.999924421406 2.53373646598e-09 7.55760599991e-05
0 9.70270518677e-13 8.89966638941e-12 0.99999999999
0 0.000747745016448 7.07774692999e-13 0.999252254983
0 0.403645821442 5.79732223852e-19 0.596354178558
1 1.3098984212e-10 0.999999999869 2.6078578825e-25
1 0.00146894627794 0.995997450021 0.00253360370123
1 0.926140411253 0.0738566246208 2.96412637348e-06
1 0.83465762626 0.165342373739 5.73660865334e-13
1 0.00180371578178 0.998196284218 7.97291018283e-36
1 1.86919198481e-06 3.56213547172e-09 0.999998127246
1 6.92046004535e-08 1.49340862708e-09 0.999999929302
1 1.58419900737e-08 0.999999984158 2.98619262771e-20
1 0.999999999998 1.12956462631e-18 2.43834809197e-12
1 3.64665810629e-09 0.618314198072 0.381685798281
1 2.75412075096e-07 1.40299703276e-06 0.999998321591
1 0.00011573422639 4.82865566187e-08 0.999884217487
1 4.0411177232e-17 0.995292152615 0.00470784738507
1 5.34112414548e-11 2.92620111399e-20 0.999999999947
1 1.93152291487e-06 0.999998068477 1.40324253264e-14
1 0.488704216674 0.0935559067164 0.41773987661
1 0.0221223646901 0.97787763531 2.21213519081e-32
1 3.29402404363e-19 1.0 1.0680863912e-22
1 0.0391257388745 0.960817574354 5.66867716088e-05
1 3.14762705754e-05 0.981304832587 0.0186636911421
1 1.43871368107e-17 1.0 3.8159170072e-28
1 0.998222561396 0.00177743860387 5.5570446297e-17
1 0.059542043292 8.13398165252e-05 0.940376616891
1 1.06195770328e-05 0.999989380423 9.25415404679e-21
1 0.00286834863176 0.997086370073 4.52812951327e-05
1 1.24114228485e-11 0.999999999731 2.56112723382e-10
1 2.18193954108e-19 1.0 4.28743641723e-14
1 2.04861164889e-09 0.999999997951 5.53440483787e-21
1 0.804877685022 0.19491977378 0.000202541197838
1 0.892688296919 0.107311703081 9.72347878564e-23
2 7.1451148237e-11 4.8904339036e-21 0.999999999929
2 4.41842069442e-08 1.90282426548e-11 0.999999955797
2 0.492554404525 0.0175913239633 0.489854271511
2 3.95667298607e-08 0.997328886006 0.00267107442736
2 0.0277140420933 0.970042677458 0.00224328044865
2 0.0484572823174 2.04156960801e-07 0.951542513526
2 4.54692035378e-05 0.999625044581 0.000329486215691
2 0.999427083741 0.00035284795958 0.000220068299523
2 0.0447406664052 1.29969330977e-20 0.955259333595
2 4.13718229635e-12 2.38836802571e-13 0.999999999996
2 6.34900020266e-06 0.00210148283695 0.997892168163
2 6.48151972301e-05 3.72966924908e-28 0.999935184803
2 1.81790125464e-08 2.83070499745e-18 0.999999981821
2 1.90441753954e-08 1.26831169772e-14 0.999999980956
2 0.00989873665751 7.92777106372e-12 0.990101263335
2 1.74489803794e-13 0.461898426072 0.538101573928
2 2.33924490289e-11 4.47364440881e-06 0.999995526332
2 4.0240361057e-28 2.81940099734e-25 1.0
2 0.000132830930781 5.46881921837e-07 0.999866622187
2 5.50711813032e-11 1.22783484234e-10 0.999999999822
2 0.000167376253059 2.28503391368e-10 0.999832623518
2 0.999989689719 4.1551110499e-10 1.03098655872e-05
2 0.83773535641 0.000393530260281 0.16187111333
2 0.776780269323 1.68961093324e-07 0.223219561715
2 0.999283455819 0.000716512254184 3.19268442434e-08
2 8.95872304357e-10 0.999979131709 2.08673951699e-05
2 0.963627835718 0.0363431827138 2.89815682981e-05
2 0.0597038826101 1.7114098942e-28 0.94029611739
2 0.0434074087791 0.956548118043 4.44731781481e-05
2 1.90621231619e-05 0.834847974976 0.165132962901
