0 0.10181757673 0.164347414545 0.733835008724
0 0.269911824708 0.062483074685 0.667605100607
0 0.763641953137 0.235261683778 0.00109636308449
0 0.993621948732 3.74184420076e-08 0.00637801384934
0 0.0367072435528 8.0538042141e-05 0.963212218405
0 0.361185942976 0.521178254281 0.117635802743
0 0.865583068025 0.0971351801902 0.0372817517847
0 8.73034535084e-06 9.67472112156e-12 0.999991269645
0 0.797176264933 0.198180197653 0.00464353741463
0 0.293673551988 0.0992425618659 0.607083886147
0 0.726949900699 6.99954444959e-17 0.273050099301
0 0.995295868977 0.00470413095692 6.64006385407e-11
0 4.42511766295e-07 0.999999557488 3.53154999476e-31
0 0.00710235751436 7.86264481754e-10 0.992897641699
0 0.377995012618 0.547892804494 0.0741121828881
0 0.651260079152 0.321664960979 0.0270749598688
0 0.000277360280038 1.63989154118e-05 0.999706240805
0 0.0158267523668 4.55047933795e-21 0.984173247633
0 0.0842444081977 0.0201301925904 0.895625399212
0 0.806331067868 0.184047480116 0.00962145201643
0 0.256736620648 0.743263378982 3.70226859455e-10
0 0.354886443701 0.00432580392527 0.640787752374
0 0.129025874925 1.91232036429e-16 0.870974125075
0 0.112012100985 0.0387762623751 0.84921163664
0 0.969532219868 0.0193659069637 0.0111018731685
0 0.949393140715 0.0503813912489 0.000225468036445
0 0.890909959256 9.06038058526e-05 0.108999436938
0 0.00858004851741 2.80344500944e-09 0.991419948679
0 8.23914127661e-06 6.00502540408e-06 0.999985755833
0 0.994579834792 0.000818500203438 0.00460166500439
1 0.00675758630623 0.981679930963 0.0115624827305
1 5.24893681711e-15 0.220303129571 0.779696870429
1 0.0161140277372 0.913232305819 0.0706536664439
1 4.5553459132e-20 1.0 3.73060542269e-22
1 0.11954558918 0.853033687856 0.0274207229642
1 2.26567423991e-08 0.00678453784402 0.993215439499
1 0.0192923143748 0.947101666367 0.0336060192578
1 0.196186299171 0.721234026103 0.0825796747263
1 1.7112190483e-20 0.999999999999 1.40090937566e-12
1 0.0584483294468 0.666036146304 0.275515524249
1 0.737762473014 0.14164457698 0.120592950007
1 3.87026352516e-12 0.999999999996 2.88099135986e-18
1 6.68058306541e-13 0.999999999999 7.62224510453e-22
1 1.69886130182e-06 0.00254265182971 0.997455649309
1 0.549781158333 0.226358637174 0.223860204493
1 0.834891913 0.00124970050301 0.163858386497
1 0.00299225604653 0.994785478782 0.00222226517137
1 5.77767145172e-06 0.999990729884 3.49244422898e-06
1 0.402989384822 0.162765297261 0.434245317917
1 0.00115689882991 0.904102349404 0.094740751766
1 5.24341612748e-05 0.999947565839 2.26225752711e-19
1 2.51163717685e-11 0.999999999975 8.68615336659e-18
1 2.50093447283e-15 0.114771756345 0.885228243655
1 6.36788887163e-09 0.999999993632 2.71902850449e-15
1 5.02412245116e-10 0.999999985084 1.44134878923e-08
1 0.000427883046076 0.0527624370194 0.946809679935
1 0.0241644892177 0.968917812602 0.00691769818018
1 0.0012025998673 0.996535547158 0.00226185297474
1 5.25342332195e-08 0.999999947466 7.45124277983e-15
1 2.7758949585e-15 1.0 6.36372830473e-19
2 6.30154042641e-14 2.55746482345e-26 1.0
2 3.43933725039e-08 9.7551030829e-14 0.999999965607
2 3.90675027036e-06 4.96028131684e-09 0.999996088289
2 0.0247344770763 0.00816778943913 0.967097733485
2 0.999999137985 8.60972568082e-07 1.04264994213e-09
2 5.46094515791e-12 3.48644294511e-08 0.99999996513
2 1.63046939724e-09 1.01391813805e-12 0.999999998369
2 0.0197568149077 0.00907569264716 0.971167492445
2 5.68757525044e-19 0.00839406401814 0.991605935982
2 0.00215499764259 0.000907910633329 0.996937091724
2 0.222161931845 0.024958275314 0.752879792841
2 1.51302883025e-05 4.39926084757e-10 0.999984869272
2 5.51660647237e-09 1.2593444664e-14 0.999999994483
2 1.87716711953e-09 1.30808647573e-09 0.999999996815
2 7.11743091616e-08 3.44730183385e-05 0.999965455807
2 3.90743212183e-08 3.07310595042e-14 0.999999960926
2 0.0214134989259 0.00408785906398 0.97449864201
2 0.999940957729 2.69008039447e-18 5.90422705852e-05
2 0.0549872469353 7.71599452213e-10 0.945012752293
2 0.0212213279906 1.35986690168e-11 0.978778671996
2 0.000457939748798 0.0127264403359 0.986815619915
2 0.514770434429 0.480304096495 0.00492546907608
2 2.37211063559e-08 5.73448394874e-07 0.99999940283
2 3.76773197745e-15 0.999999989645 1.03549286448e-08
2 0.000309771592442 0.999525526599 0.000164701808705
2 0.125006438591 4.58566332668e-05 0.874947704776
2 2.16074256511e-06 0.999140744039 0.000857095218487
2 0.802077699334 0.196312184817 0.00161011584868
2 0.360330518267 0.287672583571 0.351996898162
2 0.954139056161 2.96373573347e-07 0.0458606474654
