0 0.956540398308 0.00181716260739 0.041642439085
0 0.965497344543 0.0185527019119 0.015949953545
0 0.472768562722 0.525440203921 0.00179123335726
0 0.510625603302 0.450037573907 0.0393368227908
0 0.873956295408 0.014896206751 0.111147497841
0 0.989842200907 0.00126979369772 0.00888800539486
0 0.796264570862 0.0490231206734 0.154712308465
0 0.354763716457 0.37185055717 0.273385726373
0 0.830345857309 0.062288369189 0.107365773502
0 0.945789151862 0.0359287151637 0.0182821329739
0 0.968715965942 0.0262763037806 0.00500773027713
0 0.894990259366 0.0992354492171 0.00577429141684
0 0.653228469094 0.338305387398 0.00846614350739
0 0.443691934522 0.551775410103 0.00453265537487
0 0.917404505767 0.0781827070892 0.00441278714375
0 0.881760447799 0.0980826586826 0.0201568935182
0 0.904412315809 0.0924510744268 0.00313660976378
0 0.974051930637 0.0221284501571 0.00381961920636
0 0.13896536884 0.0828396038806 0.778195027279
0 0.451327011184 0.436288019166 0.11238496965
0 0.838598483199 0.132771931315 0.0286295854861
0 0.948216225723 0.0401262477297 0.0116575265478
0 0.976089690771 0.0141123921696 0.00979791705913
0 0.500000315246 0.423742209618 0.0762574751365
0 0.0963675369984 0.849171275287 0.0544611877143
1 0.0423301250525 0.946377382325 0.011292492623
1 0.142745269798 0.848428634186 0.00882609601596
1 0.990495951271 0.00846111019689 0.00104293853222
1 0.779751132437 0.11686542109 0.103383446473
1 0.736370316291 0.241163808987 0.0224658747216
1 0.00932722154199 0.0373066610375 0.95336611742
1 0.0241605238528 0.973443755132 0.00239572101469
1 0.184104960148 0.814115632821 0.00177940703095
1 0.219472440228 0.763621173706 0.0169063860667
1 0.892250971944 0.0896325962601 0.0181164317962
1 0.461314143135 0.101703363285 0.436982493579
1 0.142668345151 0.847712874943 0.00961877990596
1 0.729015261762 0.165388133926 0.105596604312
1 0.00643819062369 0.793834790548 0.199727018828
1 0.670754997138 0.325019200343 0.00422580251887
1 0.344955382886 0.6389242043 0.0161204128141
1 0.924666128899 0.0686338355391 0.00670003556185
1 0.651313325642 0.00110449725796 0.3475821771
1 0.0542333817357 0.93502980184 0.010736816424
1 0.277851889495 0.711052652977 0.0110954575276
1 0.0933925352839 0.815874460576 0.0907330041396
1 0.446230358192 0.0539461450197 0.499823496788
1 0.194471961983 0.791559094152 0.0139689438658
1 0.0248285558032 0.943261420253 0.0319100239436
1 0.886302686832 0.0382760340796 0.0754212790879
1 0.363998263395 0.393043286114 0.242958450491
2 0.0177582694254 0.737021694261 0.245220036314
2 0.635254310619 0.0147694320763 0.349976257305
2 0.167394594706 0.0237616759854 0.808843729308
2 0.563481540405 0.0598702903917 0.376648169203
2 0.441347117744 0.259211452629 0.299441429627
2 0.000215790794995 0.00245846355035 0.997325745655
2 0.284793138552 0.00169877303608 0.713508088412
2 0.294906443606 0.0124250052343 0.69266855116
2 0.0690661034792 0.0129944610483 0.917939435472
2 0.00394331708233 0.982356215317 0.0137004676003
2 0.016424467516 0.0105342318457 0.973041300638
2 0.177052727628 0.00085988324822 0.822087389124
2 0.0179309848126 0.0126179226686 0.969451092519
2 0.0596762611911 0.0501361481165 0.890187590692
2 0.0451444724784 0.0677814529268 0.887074074595
2 0.0202492668776 0.0056876159557 0.974063117167
2 0.100733088105 0.0509845020895 0.848282409806
2 0.0607432465057 0.0167631102243 0.92249364327
2 0.00776668188283 0.0873294293275 0.90490388879
2 0.00196698859161 0.0452783432955 0.952754668113
2 0.00898629683739 0.00129968115041 0.989714022012
2 0.0727864243877 0.0157140690652 0.911499506547
2 0.000191401694902 2.59093316129e-07 0.999808339212
2 0.00130333626058 0.00267308747668 0.996023576263
2 0.0426324049192 0.00139041867231 0.955977176408
2 0.0159624219347 0.000363553611121 0.983674024454
2 0.000812128252157 0.00258871468913 0.996599157059
2 0.00473142194786 0.464930950481 0.530337627571
