0 0.987933898093 0.0101027367542 0.00196336515256
0 0.856986838844 0.127934446727 0.0150787144286
0 0.830767920491 0.167709075357 0.0015230041517
0 0.303304014438 0.67716879939 0.0195271861716
0 0.918087286978 0.043547162387 0.0383655506347
0 0.993006240014 0.002714284304 0.00427947568154
0 0.470054613798 0.310697877859 0.219247508343
0 0.482752642685 0.291985574443 0.225261782872
0 0.889089188027 0.0238763016548 0.0870345103177
0 0.915115265214 0.0444196195267 0.0404651152597
0 0.953542128112 0.0341747216625 0.0122831502252
0 0.783401521422 0.192340897537 0.0242575810412
0 0.777431919722 0.188074389005 0.0344936912728
0 0.571769712072 0.243935493021 0.184294794907
0 0.737042857537 0.250243091811 0.0127140506517
0 0.814811835399 0.166810565924 0.018377598677
0 0.948206265675 0.0229150445763 0.0288786897489
0 0.969837268769 0.0251284126169 0.00503431861437
0 0.118933705122 0.0370232436097 0.844043051269
0 0.315840766957 0.646405003717 0.0377542293267
0 0.71872781606 0.226308713849 0.0549634700912
0 0.747340780246 0.0559025008605 0.196756718894
0 0.990187769852 0.00855391503347 0.00125831511418
0 0.736873179601 0.200322988264 0.0628038321346
0 0.590258911107 0.338943395889 0.0707976930042
1 0.0943286984328 0.885008258687 0.0206630428806
1 0.477770100209 0.480107165127 0.0421227346641
1 0.847701790799 0.0740087549741 0.0782894542267
1 0.44356559101 0.504258947456 0.0521754615339
1 0.592911845637 0.372110111826 0.034978042537
1 0.0219496425444 0.100429718168 0.877620639288
1 0.103629276811 0.88418710828 0.0121836149089
1 0.0316715530216 0.957310043009 0.0110184039693
1 0.11300396005 0.741428455102 0.145567584848
1 0.329030832992 0.449524677459 0.22144448955
1 0.071772752436 0.166800391535 0.761426856029
1 0.392027761164 0.569178713756 0.0387935250801
1 0.115075368753 0.808326665807 0.0765979654393
1 0.0928397536329 0.851072427054 0.056087819313
1 0.493164643699 0.458903375189 0.0479319811119
1 0.0575257475243 0.936322659304 0.00615159317198
1 0.78484351295 0.210007751716 0.00514873533403
1 0.940863225897 0.016514100051 0.0426226740515
1 0.0136158738692 0.984247567425 0.00213655870551
1 0.14674262655 0.836074135915 0.0171832375349
1 0.0238053025354 0.840659639468 0.135535057996
1 0.154323719433 0.012041638162 0.833634642405
1 0.683074009328 0.248483092397 0.0684428982752
1 0.0712696645432 0.901199333323 0.0275310021339
1 0.766564276224 0.0827143645165 0.15072135926
1 0.400047799277 0.339121941172 0.260830259551
2 0.0543772319034 0.746011902151 0.199610865946
2 0.354201318534 0.00641811281858 0.639380568648
2 0.0098122932513 0.0202248958327 0.969962810916
2 0.00997213267291 0.00640538085799 0.983622486469
2 0.106995384648 0.0814778849262 0.811526730426
2 0.0260717919796 0.00136152062499 0.972566687395
2 0.0012159765416 0.000800966482338 0.997983056976
2 0.143478110746 0.0378078241152 0.818714065139
2 0.172362369513 0.0641284560415 0.763509174446
2 0.184174372476 0.638184775067 0.177640852457
2 0.00800506030303 0.0310507494038 0.960944190293
2 0.328011601179 0.0132655071704 0.658722891651
2 0.0235058188935 0.00352574849393 0.972968432613
2 0.0153953619379 0.0247598410021 0.95984479706
2 0.601085080803 0.0377885601018 0.361126359095
2 0.0063553345214 0.034215835139 0.95942883034
2 0.0478518195375 0.0252119334225 0.92693624704
2 0.0093247028833 0.000950312556239 0.98972498456
2 0.00302066109798 0.00995957839659 0.987019760505
2 0.0133084188187 0.00945162582239 0.977239955359
2 0.0672698512134 0.0570362607418 0.875693888045
2 0.0272158653086 0.0170662593245 0.955717875367
2 0.00872914865186 0.000140705201096 0.991130146147
2 0.00447513614524 0.00338963146389 0.992135232391
2 0.0769857064517 0.0429558855646 0.880058407984
2 0.00677384112832 0.00157150895847 0.991654649913
2 0.0022603426636 0.00778257089507 0.989957086441
2 0.00328761902545 0.205993779316 0.790718601659
