0 0.881529847379 0.0148140295609 0.10365612306
0 0.642494585748 0.356382711753 0.00112270249935
0 0.947001529094 0.0519434973005 0.00105497360519
0 0.246270617825 0.724882989646 0.0288463925282
0 0.973408954824 0.0158670869961 0.0107239581796
0 0.997864304879 0.00135980938249 0.000775885738375
0 0.606737120952 0.217849094471 0.175413784577
0 0.525260494306 0.315917516091 0.158821989603
0 0.963129942207 0.00415149555865 0.032718562234
0 0.868597672647 0.0894789119834 0.0419234153693
0 0.988795267542 0.009812821367 0.0013919110907
0 0.57811622191 0.419510933848 0.00237284424208
0 0.906539943036 0.0696783566231 0.0237817003409
0 0.594324874268 0.0761883913881 0.329486734344
0 0.938619593077 0.061201958579 0.0001784483436
0 0.867754231851 0.131406003044 0.00083976510439
0 0.966020562748 0.0144060397773 0.0195733974747
0 0.956199101099 0.0177266933528 0.0260742055487
0 0.122862034537 0.0484290390121 0.828708926451
0 0.354087421006 0.631920893046 0.0139916859474
0 0.877205028167 0.121790364652 0.0010046071803
0 0.241673640339 0.230539278058 0.527787081603
0 0.802725237943 0.02632952432 0.170945237737
0 0.285269755962 0.375682645006 0.339047599032
0 0.812632571339 0.123532091674 0.0638353369868
1 0.329914784326 0.650798341672 0.0192868740021
1 0.174299164435 0.798604536673 0.0270962988924
1 0.962391739727 0.0162496697623 0.0213585905111
1 0.820633885843 0.147866642621 0.0314994715361
1 0.778757625673 0.160955934305 0.0602864400216
1 0.101114243873 0.0596524614381 0.839233294689
1 0.00355458694917 0.995839740449 0.000605672601938
1 0.0173264318546 0.981289530047 0.00138403809889
1 0.168460637825 0.822000215444 0.00953914673013
1 0.500318431282 0.375216987495 0.124464581223
1 0.0725760059165 0.16517168989 0.762252304193
1 0.468544930505 0.526375751035 0.00507931845978
1 0.0653729689465 0.873674601544 0.0609524295099
1 0.0620292569207 0.813350097143 0.124620645936
1 0.851071930182 0.130201530741 0.0187265390775
1 0.0480625050811 0.948168317012 0.00376917790707
1 0.891898331998 0.105350501323 0.00275116667934
1 0.614490762282 0.295996722115 0.0895125156032
1 0.0132438994542 0.979037694081 0.00771840646483
1 0.18091284187 0.747076901865 0.0720102562645
1 0.0463903712681 0.809560004052 0.144049624679
1 0.145229501385 0.0780426274118 0.776727871203
1 0.279832799757 0.713198418089 0.00696878215424
1 0.00736714498217 0.830151305208 0.16248154981
1 0.818657283913 0.0166561528668 0.16468656322
1 0.460627813886 0.319882164701 0.219490021413
2 0.418179707287 0.483214437214 0.0986058554994
2 0.0255053160461 0.139811105704 0.83468357825
2 0.0124483442518 0.109247376623 0.878304279125
2 0.00223978335177 0.0210000114116 0.976760205237
2 0.275154362391 0.0585085367158 0.666337100893
2 0.00474007582008 0.000808717459289 0.994451206721
2 0.000689632008229 0.0800588815441 0.919251486448
2 0.112713635909 0.0272639236269 0.860022440464
2 0.37147510973 0.0408275474969 0.587697342773
2 0.495345176542 0.495544946455 0.00910987700221
2 0.0327749151848 0.00666588209686 0.960559202718
2 0.00201087245134 0.000165860253554 0.997823267295
2 0.000107763230848 0.0170318014182 0.982860435351
2 0.00296566907848 0.0156358131171 0.981398517804
2 0.250650547694 0.0511234842645 0.698225968042
2 0.000635079899165 0.022516372488 0.976848547613
2 0.0104654737551 0.0195878294218 0.969946696823
2 0.000862443961083 0.0022887664471 0.996848789592
2 0.00205334111528 0.00417463969349 0.993772019191
2 0.0379077706624 0.0125792165322 0.949513012805
2 0.0105671623677 0.0118365292632 0.977596308369
2 0.00821499070917 0.0147320794249 0.977052929866
2 0.0109606770116 7.06465176366e-05 0.988968676471
2 0.00515119561561 0.00906486348993 0.985783940894
2 0.0627089656337 0.267510940297 0.66978009407
2 0.0151064389107 0.000361519135869 0.984532041953
2 0.000634560473805 0.00323838257676 0.996127056949
2 0.00679424450647 0.635468483217 0.357737272277
