0 0.954261439659 0.0263220441565 0.0194165161841
0 0.863720657823 0.115648020724 0.0206313214528
0 0.938812377132 0.0559406018993 0.00524702096897
0 0.238430516083 0.754633634337 0.00693584958053
0 0.97583952401 0.0114422155794 0.0127182604107
0 0.912226032713 0.0127440874043 0.075029879883
0 0.405630326184 0.297198276985 0.297171396831
0 0.543631940363 0.345435179967 0.11093287967
0 0.823800716573 0.0145130364197 0.161686247007
0 0.978195296094 0.0156538454454 0.00615085846043
0 0.977165001024 0.0143814975653 0.00845350141064
0 0.819928595214 0.166974230989 0.0130971737974
0 0.845951912473 0.133107613444 0.0209404740829
0 0.574094338415 0.211095385401 0.214810276184
0 0.882797190909 0.110653609292 0.00654919979893
0 0.964091388859 0.0296096114142 0.00629899972669
0 0.946386785917 0.0423212471931 0.01129196689
0 0.94455801656 0.0284386311259 0.0270033523142
0 0.182265519261 0.0249885622423 0.792745918496
0 0.547108989041 0.374684641403 0.0782063695561
0 0.71027903432 0.190118962126 0.0996020035541
0 0.403776092951 0.296697882946 0.299526024103
0 0.935298353307 0.02132070503 0.043380941663
0 0.715489893424 0.230870924378 0.0536391821987
0 0.420256769851 0.533825987609 0.0459172425397
1 0.42049113343 0.537881081781 0.0416277847893
1 0.32274386969 0.65404838502 0.0232077452899
1 0.919810680005 0.0439871483124 0.0362021716824
1 0.435009514396 0.4240929363 0.140897549304
1 0.25935573042 0.665407452125 0.0752368174543
1 0.0353137076825 0.0905675194461 0.874118772871
1 0.112779456346 0.867734638484 0.0194859051698
1 0.0777724444358 0.914039072942 0.00818848262204
1 0.0906006646538 0.866229865744 0.0431694696021
1 0.496712536484 0.430860874562 0.0724265889546
1 0.141601208927 0.45220437482 0.406194416253
1 0.121349776933 0.827194500358 0.0514557227089
1 0.161145547434 0.782292446903 0.0565620056629
1 0.0514951328829 0.858046386306 0.0904584808116
1 0.337457051464 0.60723278294 0.0553101655965
1 0.0544964103946 0.939856576586 0.00564701301909
1 0.538686771061 0.425962936325 0.0353502926137
1 0.813209441335 0.0540532510251 0.13273730764
1 0.0647716283075 0.929875949091 0.00535242260155
1 0.23838867578 0.729720167914 0.0318911563052
1 0.0750342666617 0.831100368267 0.093865365071
1 0.145537233893 0.102009783529 0.752452982578
1 0.19590106249 0.721677273287 0.0824216642238
1 0.0206196871141 0.964560676102 0.0148196367841
1 0.730793747079 0.0519478426556 0.217258410266
1 0.454093177784 0.291175085292 0.254731736924
2 0.327706982492 0.413891302863 0.258401714645
2 0.0475055692859 0.0351941178202 0.917300312894
2 0.0308920286098 0.0565910769103 0.91251689448
2 0.0145188812583 0.00375871434959 0.981722404392
2 0.260024655686 0.103409898948 0.636565445366
2 0.00695883892161 0.00302439573134 0.990016765347
2 0.0176188155489 0.00391726764039 0.978463916811
2 0.178041713342 0.151653001888 0.67030528477
2 0.265964687181 0.0516835100321 0.682351802787
2 0.316976398094 0.585371007864 0.0976525940422
2 0.0131356469777 0.0196988418826 0.96716551114
2 0.116268310526 0.00176207098162 0.881969618492
2 0.0154377287158 0.108791907453 0.875770363831
2 0.0126475903472 0.00922990422627 0.978122505427
2 0.337264296308 0.378716775251 0.284018928441
2 0.00742116681163 0.0471318724218 0.945446960767
2 0.0738766092424 0.0352290969974 0.89089429376
2 0.0190001891022 0.00242233347449 0.978577477423
2 0.00889126377912 0.00877985182946 0.982328884391
2 0.0460791920591 0.0302881957688 0.923632612172
2 0.110029613873 0.0545545022811 0.835415883846
2 0.141115477441 0.0411942392084 0.817690283351
2 0.00165629910273 0.000111004401991 0.998232696495
2 0.00760983211769 0.00560300392139 0.986787163961
2 0.253179960048 0.0718650270099 0.674955012942
2 0.0546301670884 0.0102718402182 0.935097992693
2 0.00277873932618 0.000526356659858 0.996694904014
2 0.0138760546688 0.492613331753 0.493510613578
