0 0.686488823078 0.253915094642 0.0595960822802
0 0.669874027385 0.297706499136 0.0324194734782
0 0.90449721807 0.0890728917516 0.00642989017822
0 0.557134061014 0.420056819605 0.0228091193818
0 0.18504347601 0.0863786170795 0.72857790691
0 0.815641193049 0.161671284977 0.022687521974
0 0.840008352939 0.150065717087 0.00992592997327
0 0.907513565437 0.075383695683 0.01710273888
0 0.437199341471 0.550592805828 0.0122078527008
0 0.862889578781 0.118660813922 0.018449607297
0 0.813771834661 0.152423485607 0.0338046797316
0 0.755818891897 0.229600993901 0.0145801142023
0 0.934266425716 0.051158453491 0.0145751207934
0 0.874014280002 0.118171184216 0.00781453578163
0 0.827273920121 0.152126864752 0.0205992151273
0 0.823258443126 0.135332567541 0.0414089893326
0 0.786689305852 0.198382314375 0.0149283797732
1 0.142241088893 0.835226578182 0.0225323329254
1 0.207991223478 0.754894285249 0.0371144912735
1 0.384684071629 0.597520640491 0.0177952878801
1 0.19554836156 0.462156339244 0.342295299196
1 0.219823531444 0.733790611406 0.0463858571505
1 0.142354008661 0.713977264025 0.143668727315
1 0.206767478827 0.591694343935 0.201538177238
1 0.0406269389611 0.188774247636 0.770598813403
1 0.217555327004 0.720673004981 0.0617716680146
1 0.0798972154218 0.286296189218 0.633806595361
1 0.375732729678 0.606985569737 0.0172817005842
1 0.0569363042034 0.17548351579 0.767580180007
1 0.257583315438 0.423767507703 0.318649176859
1 0.318493185817 0.677901584087 0.00360523009527
1 0.246347023172 0.676536584786 0.0771163920428
1 0.435992869386 0.547744331422 0.0162627991921
1 0.171538963287 0.776258838396 0.0522021983177
2 0.0141706979696 0.230260364658 0.755568937373
2 0.0196613452192 0.129158921613 0.851179733168
2 0.123247907712 0.227067663113 0.649684429175
2 0.00289276085014 0.0277990732872 0.969308165863
2 0.0727188081859 0.279960275833 0.647320915981
2 0.0313253769531 0.154799393588 0.813875229459
2 0.110491245924 0.384765033665 0.504743720412
2 0.0372201504467 0.171392791593 0.791387057961
2 0.0306214808898 0.152912968449 0.816465550661
2 0.0513320621667 0.105218924996 0.843449012838
2 0.0474699324754 0.385257588331 0.567272479194
2 0.00974541140478 0.0414361286686 0.948818459927
2 0.0350451725564 0.0645032314025 0.900451596041
2 0.119064438633 0.181582930974 0.699352630393
2 0.00594537963314 0.087284450809 0.906770169558
2 0.503776944256 0.143329955547 0.352893100197
2 0.00854841445787 0.0251026969425 0.9663488886
