0 0.543127563393 0.369895993798 0.0869764428093
0 0.530741451538 0.396184528536 0.073074019926
0 0.73234794689 0.251002966588 0.016649086522
0 0.451511297715 0.512375381976 0.0361133203096
0 0.340055483376 0.175454576644 0.48448993998
0 0.668656641757 0.288366134175 0.0429772240673
0 0.627416914422 0.35042270784 0.0221603777375
0 0.715934440099 0.247309792315 0.0367557675854
0 0.467755946753 0.492168734927 0.0400753183207
0 0.712862019992 0.249187648718 0.0379503312899
0 0.612318672113 0.330843873957 0.0568374539303
0 0.658859009984 0.292849883154 0.048291106862
0 0.822040006652 0.14147329524 0.0364866981078
0 0.715197510259 0.249135269218 0.0356672205234
0 0.619738654635 0.343835765722 0.0364255796425
0 0.656706079321 0.280741705113 0.0625522155658
0 0.663012910036 0.291729939384 0.0452571505798
1 0.263471039748 0.69098543768 0.0455435225722
1 0.41640968458 0.503615590637 0.0799747247823
1 0.365581072698 0.588353919737 0.0460650075654
1 0.188700612615 0.493837292861 0.317462094524
1 0.240071676657 0.67480994009 0.0851183832532
1 0.220064933276 0.608853010773 0.171082055951
1 0.23381703105 0.554262813172 0.211920155779
1 0.078486234541 0.171105367507 0.750408397952
1 0.281230364719 0.630909211774 0.0878604235072
1 0.11687826641 0.334164167354 0.548957566236
1 0.456491966291 0.506119159758 0.0373888739506
1 0.135832780784 0.287104665587 0.57706255363
1 0.233086436621 0.417808939381 0.349104623998
1 0.353417611777 0.630652159432 0.0159302287914
1 0.262955507097 0.603901374223 0.13314311868
1 0.452385154212 0.505346316148 0.04226852964
1 0.251521952536 0.643721886258 0.104756161205
2 0.0481574352034 0.226623422616 0.725219142181
2 0.0457051125982 0.246161589116 0.708133298286
2 0.213712496086 0.244722165958 0.541565337956
2 0.0181843155524 0.0863229784272 0.89549270602
2 0.108965224754 0.317650919499 0.573383855747
2 0.0688078406516 0.290930161983 0.640261997365
2 0.129493951049 0.429718010687 0.440788038264
2 0.064607025364 0.309071486539 0.626321488097
2 0.0510373388038 0.23642893905 0.712533722146
2 0.0812215794669 0.192298946735 0.726479473798
2 0.119266511877 0.329377881981 0.551355606142
2 0.0438887656426 0.126320472176 0.829790762182
2 0.0904621870937 0.126528590682 0.783009222224
2 0.260878929385 0.311254233364 0.427866837252
2 0.0266590980107 0.209400545927 0.763940356063
2 0.528589143974 0.273491262145 0.197919593881
2 0.0290310415417 0.0846952996465 0.886273658812
