0 0.710084265312 0.235166097417 0.0547496372711
0 0.69415334732 0.276404030617 0.029442622063
0 0.921997445493 0.0727517833027 0.00525077120417
0 0.568258054324 0.411009917314 0.0207320283621
0 0.170092314817 0.0742456411269 0.755662044057
0 0.840000667262 0.140024921746 0.0199744109925
0 0.860820470356 0.130711417655 0.00846811198861
0 0.924641962621 0.0607357728641 0.0146222645151
0 0.427978501039 0.561795533616 0.0102259653455
0 0.881164564433 0.102734719975 0.0161007155922
0 0.835953831166 0.133969147307 0.030077021527
0 0.776870349901 0.210900546331 0.0122291037682
0 0.947617733094 0.0397995089842 0.0125827579222
0 0.899957173162 0.0939637824338 0.00607904440385
0 0.853056183771 0.12909813018 0.0178456860491
0 0.843977673936 0.118252625392 0.0377697006716
0 0.809373852974 0.17811204967 0.0125140973558
1 0.127666149257 0.851559632235 0.0207742185084
1 0.174052790793 0.795640971435 0.0303062377714
1 0.397834399282 0.586244347067 0.0159212536508
1 0.205951740945 0.438835834783 0.355212424272
1 0.207499849064 0.750944387136 0.0415557637994
1 0.131105287307 0.730010700013 0.13888401268
1 0.208261405788 0.588287763265 0.203450830948
1 0.0359135231603 0.190043685602 0.774042791237
1 0.21741229165 0.723899119205 0.0586885891446
1 0.0687986099008 0.27533379388 0.655867596219
1 0.355547769909 0.629485681345 0.0149665487457
1 0.0465653912312 0.15940849906 0.794026109708
1 0.265172152209 0.415354316175 0.319473531616
1 0.322119787688 0.674917353192 0.00296285912041
1 0.228074007893 0.700055747746 0.0718702443609
1 0.427219955077 0.558573602323 0.0142064425998
1 0.165319063695 0.787638171981 0.0470427643233
2 0.0106863886729 0.239449648992 0.749863962335
2 0.0163193824192 0.109810676887 0.873869940694
2 0.104192617712 0.223781972409 0.672025409879
2 0.00194794692152 0.0219510153118 0.976101037767
2 0.064038692164 0.274667938598 0.661293369238
2 0.0267622052487 0.133862448134 0.839375346618
2 0.102557977149 0.378049605179 0.519392417672
2 0.030831141903 0.149686051354 0.819482806743
2 0.0276113877249 0.136180639243 0.836207973032
2 0.0448516910224 0.0923623232203 0.862785985757
2 0.0379756966095 0.398860182212 0.563164121178
2 0.0070150373519 0.0335732123435 0.959411750305
2 0.0277786212096 0.0558219823377 0.916399396453
2 0.102619081992 0.165566136405 0.731814781603
2 0.00453015169207 0.0720120298337 0.923457818474
2 0.493522423591 0.126670314015 0.379807262394
2 0.00646805796227 0.0193642008874 0.97416774115
