0 0.434964493616 0.39955611918 0.165479387204
0 0.400445369771 0.445022019919 0.15453261031
0 0.576098367481 0.368910134526 0.0549914979927
0 0.436221319352 0.465709503259 0.0980691773882
0 0.452765103856 0.30384806377 0.243386832374
0 0.531467502811 0.36767718746 0.100855309729
0 0.466391849708 0.45742858326 0.0761795670327
0 0.520686049234 0.38143388432 0.0978800664456
0 0.412340768751 0.46104035416 0.126618877089
0 0.551002909095 0.349386889568 0.0996102013371
0 0.431609102395 0.439743333668 0.128647563936
0 0.489286787077 0.360698205047 0.150015007876
0 0.593937243407 0.295462388305 0.110600368288
0 0.556274972962 0.328303270646 0.115421756392
0 0.475760412467 0.431499033535 0.0927405539972
0 0.495884003908 0.378484477955 0.125631518137
0 0.480858210861 0.388104876265 0.131036912874
1 0.412282544982 0.474803824248 0.112913630771
1 0.419486141869 0.408660775924 0.171853082207
1 0.377966496206 0.486821111895 0.135212391899
1 0.255902696488 0.38278816662 0.361309136892
1 0.292136798179 0.539748105501 0.16811509632
1 0.287016231205 0.441322038036 0.271661730759
1 0.295281937157 0.42686481855 0.277853244293
1 0.142491861133 0.212680208964 0.644827929903
1 0.341544781411 0.463197319101 0.195257899488
1 0.18387754692 0.413077541889 0.403044911191
1 0.463382023925 0.431466912835 0.10515106324
1 0.254061538804 0.310222732176 0.43571572902
1 0.27007082851 0.367551896207 0.362377275284
1 0.447664014724 0.479278045105 0.0730579401713
1 0.294349093919 0.499125779004 0.206525127077
1 0.419218810298 0.477370809664 0.103410380037
1 0.332290875711 0.439999778039 0.22770934625
2 0.149381770629 0.313594819263 0.537023410108
2 0.128357014973 0.315323277956 0.556319707071
2 0.324484633297 0.308865010283 0.36665035642
2 0.0907516551478 0.17975070737 0.729497637483
2 0.183295316858 0.341002586721 0.475702096421
2 0.150959803516 0.330637839099 0.518402357386
2 0.213052806216 0.382078484991 0.404868708793
2 0.150609100967 0.36403681332 0.485354085713
2 0.126546275391 0.292876927878 0.580576796731
2 0.177149354548 0.267001087964 0.555849557488
2 0.242776076534 0.36325996141 0.393963962056
2 0.153189950852 0.232417000944 0.614393048204
2 0.20634409136 0.243538761299 0.550117147341
2 0.3577604656 0.331721501883 0.310518032517
2 0.106115810212 0.289564588529 0.604319601259
2 0.451847955104 0.363440540504 0.184711504392
2 0.128171205969 0.211968298428 0.659860495603
