0 0.375480094494 0.359244649775 0.265275255731
0 0.344229243559 0.403374347996 0.252396408445
0 0.521498270145 0.340789998835 0.137711731019
0 0.403615872492 0.382692840051 0.213691287457
0 0.379010104649 0.338329118204 0.282660777146
0 0.46398606321 0.346727016336 0.189286920454
0 0.415315861475 0.394029989748 0.190654148777
0 0.447604080058 0.357638268435 0.194757651507
0 0.36359454747 0.413401566532 0.223003885998
0 0.474273429706 0.33700514223 0.188721428065
0 0.375103826733 0.382410310922 0.242485862345
0 0.383606155831 0.379609783861 0.236784060308
0 0.439042003155 0.360286077122 0.200671919723
0 0.436151632994 0.36401697883 0.199831388176
0 0.424457011444 0.381996949635 0.193546038921
0 0.420926313215 0.35694459643 0.222129090355
0 0.384246243192 0.39215626198 0.223597494829
1 0.378261485597 0.412174070715 0.209564443688
1 0.376380305212 0.359762359949 0.263857334839
1 0.348796230551 0.42075451006 0.230449259389
1 0.268050330361 0.344992984944 0.386956684695
1 0.31096829125 0.42590908509 0.26312262366
1 0.281185236738 0.361570656832 0.35724410643
1 0.288163657768 0.362974306133 0.348862036099
1 0.20851548479 0.274844705332 0.516639809878
1 0.322207295237 0.375730695045 0.302062009719
1 0.234910533778 0.361140607044 0.403948859178
1 0.421980131219 0.372284815296 0.205735053485
1 0.306963650685 0.330934586102 0.362101763212
1 0.287362352582 0.347540467649 0.36509717977
1 0.420137814707 0.412293480659 0.167568704634
1 0.304766848153 0.410347218143 0.284885933704
1 0.377465096089 0.430254087011 0.1922808169
1 0.310025152933 0.360943391107 0.32903145596
2 0.223728128073 0.327712827468 0.448559044459
2 0.196707671041 0.319028899887 0.484263429072
2 0.323154570998 0.345675021387 0.331170407615
2 0.175409991312 0.256146116121 0.568443892568
2 0.23510689802 0.335364754079 0.429528347901
2 0.207514337626 0.321990826324 0.47049483605
2 0.264928399605 0.351945540358 0.383126060036
2 0.221764689108 0.340082914599 0.438152396293
2 0.191889755019 0.305490562549 0.502619682432
2 0.242993220902 0.295772982 0.461233797098
2 0.289358681697 0.352704740627 0.357936577676
2 0.24684512556 0.292098930639 0.4610559438
2 0.264259760495 0.304614201359 0.431126038146
2 0.36062763704 0.333486458021 0.305885904939
2 0.166808148844 0.293287078051 0.539904773105
2 0.412639618222 0.350537933495 0.236822448283
2 0.213181583088 0.272301867123 0.514516549789
