0 0.534959706889 0.418031748046 0.0470085450655
0 0.362904489198 0.595811550268 0.0412839605337
0 0.571646175733 0.420837988718 0.00751583554939
0 0.524198921356 0.448013676769 0.0277874018756
0 0.472545533136 0.191821493969 0.335632972895
0 0.567453433458 0.421878632073 0.0106679344692
0 0.439035400972 0.517903145011 0.0430614540163
0 0.560835556914 0.422568171403 0.0165962716832
0 0.753914806462 0.231120047477 0.0149651460611
0 0.612337111105 0.376044019325 0.0116188695692
0 0.546404860944 0.423431414768 0.0301637242879
0 0.789481034712 0.180517206116 0.030001759172
0 0.572757846524 0.333848035323 0.0933941181528
0 0.915993588516 0.0796371677139 0.00436924377047
0 0.558346924398 0.422529692918 0.0191233826842
0 0.524673872425 0.456212420746 0.0191137068294
0 0.562263260382 0.420261748776 0.0174749908418
1 0.0430388631165 0.899614858562 0.0573462783216
1 0.557472022122 0.422469406473 0.0200585714048
1 0.526451965855 0.40236704146 0.0711809926851
1 0.0711011983475 0.401959545153 0.5269392565
1 0.24054119557 0.643114800541 0.11634400389
1 0.176960843328 0.578872538507 0.244166618165
1 0.209700580365 0.483937514497 0.306361905138
1 0.026471911768 0.0855714014958 0.887956686736
1 0.171504433678 0.619143250471 0.209352315851
1 0.0760363659076 0.615939137204 0.308024496888
1 0.328191695925 0.591450785973 0.0803575181018
1 0.0499445409275 0.389332035236 0.560723423837
1 0.248979031385 0.419639295615 0.331381673
1 0.258559215607 0.729584057401 0.0118567269917
1 0.125806033985 0.711600466702 0.162593499313
1 0.558284958509 0.426245571039 0.0154694704523
1 0.238024383376 0.631471094168 0.130504522456
2 0.492558156763 0.184270224847 0.32317161839
2 0.0341079045403 0.17047306186 0.795419033599
2 0.076149835871 0.321667628517 0.602182535612
2 0.00098177757069 0.0210380323578 0.977980190072
2 0.0498516881085 0.253325054991 0.6968232569
2 0.0205086533413 0.159772321774 0.819719024885
2 0.0752975237456 0.261711424874 0.662991051381
2 0.0325847692425 0.301674450418 0.66574078034
2 0.0349831703153 0.199700172128 0.765316657557
2 0.0317456215767 0.163688473041 0.804565905383
2 0.566678406477 0.139816602071 0.293504991452
2 0.00763013675438 0.109173481185 0.883196382061
2 0.0140453581235 0.0635218527617 0.922432789115
2 0.100938875633 0.522433924537 0.376627199831
2 0.00745063313554 0.129231201129 0.863318165736
2 0.315816538385 0.576871871745 0.10731158987
2 0.00536811817965 0.0649672819789 0.929664599841
