0 0.707208765658 0.236641716 0.0561495183419
0 0.68965324993 0.279839272167 0.030507477902
0 0.918833644634 0.0755359532013 0.00563040216504
0 0.570800750255 0.407617545297 0.0215817044481
0 0.173343231527 0.0757779419122 0.750878826561
0 0.836306969766 0.142911616536 0.0207814136978
0 0.858405552531 0.132685059488 0.00890938798114
0 0.922096494639 0.0626066368353 0.0152968685258
0 0.430898459119 0.558367276634 0.0107342642477
0 0.877808658256 0.105344208657 0.0168471330875
0 0.832586087841 0.136401660238 0.0310122519218
0 0.77348852061 0.213706285564 0.0128051938266
0 0.944542316422 0.0420220007666 0.0134356828116
0 0.89555268061 0.0980097095189 0.00643760987072
0 0.850351032575 0.131086399865 0.0185625675603
0 0.839411739058 0.121525841088 0.0390624198535
0 0.805403211871 0.181472860042 0.013123928087
1 0.129636627537 0.84880766526 0.0215557072023
1 0.177633479385 0.790770104136 0.0315964164792
1 0.398858293217 0.584568690303 0.0165730164791
1 0.206336306688 0.438931004327 0.354732688984
1 0.211024336686 0.74584126185 0.0431344014644
1 0.134540232658 0.723950296755 0.141509470587
1 0.209214176953 0.586417944692 0.204367878354
1 0.0374183071052 0.191646541479 0.770935151416
1 0.219422742193 0.720279531444 0.0602977263626
1 0.0703401803502 0.278784713221 0.650875106428
1 0.359323858043 0.62500875785 0.0156673841066
1 0.0485648728921 0.162026365621 0.789408761487
1 0.264787797348 0.416888507303 0.318323695349
1 0.323337141321 0.673508538287 0.00315432039174
1 0.229644744355 0.696623699201 0.0737315564446
1 0.427788501166 0.557290855685 0.0149206431485
1 0.167179715724 0.784335302701 0.0484849815743
2 0.0113467383905 0.24037614008 0.748277121529
2 0.0171591166395 0.112325293588 0.870515589773
2 0.106020981428 0.225615248479 0.668363770093
2 0.0021210042738 0.0227922938923 0.975086701834
2 0.0659055365825 0.275907161913 0.658187301504
2 0.0280761632929 0.135766488855 0.836157347852
2 0.104504098172 0.378129775746 0.517366126082
2 0.032099644948 0.152476500362 0.81542385469
2 0.0287238518411 0.139098269108 0.832177879051
2 0.0463844143777 0.0951880802108 0.858427505412
2 0.0394476454481 0.398080265825 0.562472088727
2 0.00751738934977 0.0348435149001 0.95763909575
2 0.0290787280132 0.0578675730604 0.913053698926
2 0.105615997746 0.168298776271 0.726085225983
2 0.00486790524301 0.073822898294 0.921309196463
2 0.491875614496 0.128838561416 0.379285824088
2 0.00689345299827 0.0204861961938 0.972620350808
