0 0.804925768534 0.191874305496 0.00319992596989
0 0.205724137911 0.736566114162 0.0577097479265
0 0.772426070579 0.224703999904 0.00286992951748
0 0.740550953988 0.25876186096 0.000687185051631
0 0.942402978715 0.0278273882882 0.029769632997
0 0.956939978602 0.042318138362 0.000741883035713
0 0.793067329938 0.206653879815 0.000278790246744
0 0.716828144278 0.282469053059 0.000702802662904
0 0.616049643617 0.383075090676 0.000875265707304
0 0.930680748579 0.065875990173 0.0034432612481
0 0.873883106358 0.125837573663 0.000279319979302
0 0.700388072296 0.29700264676 0.00260928094408
0 0.619667734405 0.371179606704 0.00915265889111
0 0.906411518041 0.0934469031902 0.000141578769219
0 0.904403731868 0.094972873502 0.000623394630391
0 0.396049701199 0.602966118985 0.000984179816851
0 0.313236333556 0.664935073681 0.0218285927625
1 0.193523595023 0.802105382837 0.00437102214023
1 0.240233378787 0.698400570615 0.0613660505982
1 0.632919950622 0.362058089441 0.00502195993777
1 0.15389497736 0.740451263926 0.105653758714
1 0.215324754599 0.730910827946 0.0537644174544
1 0.16873831011 0.744553858908 0.0867078309816
1 0.193943300456 0.731457775633 0.0745989239106
1 0.182406689755 0.583961498175 0.23363181207
1 0.215324754599 0.730910827946 0.0537644174544
1 0.215324754599 0.730910827946 0.0537644174544
1 0.907510240822 0.0917292625453 0.000760496632988
1 0.0209271190999 0.499004167683 0.480068713217
1 0.215324754599 0.730910827946 0.0537644174544
1 0.420791990054 0.578713453801 0.000494556144826
1 0.156883578998 0.741674111433 0.10144230957
1 0.221546792024 0.727908053592 0.0505451543844
1 0.215324754599 0.730910827946 0.0537644174544
2 0.204218274766 0.122447620057 0.673334105177
2 0.0424598384547 0.482151373272 0.475388788273
2 0.060730201307 0.484129971292 0.455139827401
2 0.000490975813478 0.0173034708926 0.982205553294
2 0.0637509073925 0.578595328507 0.3576537641
2 0.0171166955267 0.293982454712 0.688900849762
2 0.0925691074074 0.614929077215 0.292501815378
2 0.0477431950156 0.509777420065 0.44247938492
2 0.0567715563884 0.550836145129 0.392392298483
2 0.0337711222087 0.429300877122 0.53692800067
2 0.445491478237 0.129352249055 0.425156272708
2 0.00488660254658 0.0912203172231 0.90389308023
2 0.0114950431686 0.143074883104 0.845430073728
2 0.0137890320448 0.297463565915 0.688747402041
2 0.0062846868547 0.160283610519 0.833431702626
2 0.199004113262 0.770281958098 0.03071392864
2 0.00184810657407 0.0748994868651 0.923252406561
