0 0.262588406989 0.350825292599 0.386586300412
0 0.262426156084 0.34941430622 0.388159537697
0 0.262355427773 0.349977063888 0.387667508339
0 0.263432648004 0.349974237421 0.386593114576
0 0.263570676743 0.348556436118 0.387872887139
0 0.262978302171 0.348252209269 0.38876948856
0 0.262430966433 0.349995983898 0.38757304967
0 0.263108325689 0.349462027943 0.387429646368
0 0.262625192133 0.349885910164 0.387488897703
0 0.263363528807 0.349267503216 0.387368967977
0 0.262834746499 0.349625335267 0.387539918235
0 0.262226865233 0.350107317466 0.3876658173
0 0.262902100384 0.350041507891 0.387056391725
0 0.263095867764 0.349771233624 0.387132898612
0 0.262149080143 0.349312958303 0.388537961554
0 0.262964723185 0.349436532356 0.387598744459
0 0.263273742873 0.350084317458 0.386641939669
0 0.26258308599 0.349306219939 0.388110694072
0 0.263138144081 0.349597573401 0.387264282518
0 0.263352872932 0.349022650063 0.387624477005
0 0.262527508533 0.349506253029 0.387966238439
0 0.262952131092 0.349860177157 0.387187691752
0 0.262780216942 0.350271793034 0.386947990024
0 0.262465619207 0.349291284246 0.388243096547
0 0.263068836196 0.349616904101 0.387314259703
1 0.262636414524 0.349750615283 0.387612970194
1 0.262391454513 0.349122103395 0.388486442091
1 0.261962018596 0.350008698198 0.388029283206
1 0.263553890686 0.348942666523 0.387503442791
1 0.262784139577 0.350971634784 0.386244225639
1 0.263657942122 0.350219572285 0.386122485594
1 0.263481944531 0.349931223952 0.386586831517
1 0.263724587561 0.349631999805 0.386643412635
1 0.262424589423 0.3504290227 0.387146387877
1 0.263158611814 0.349841111976 0.38700027621
1 0.262909281721 0.349005750376 0.388084967903
1 0.262088639363 0.350634685197 0.38727667544
1 0.263445179127 0.349406820987 0.387147999886
1 0.262292965379 0.349802436271 0.38790459835
1 0.263324519279 0.348690604168 0.387984876553
1 0.26324045206 0.350643014882 0.386116533059
1 0.262777672778 0.349523860716 0.387698466505
1 0.262628891369 0.349311795141 0.38805931349
1 0.263796708718 0.349788170352 0.38641512093
1 0.263288978304 0.350191674683 0.386519347014
1 0.26256588924 0.349660991605 0.387773119155
1 0.263388323117 0.350235640294 0.38637603659
1 0.262505001429 0.349860204274 0.387634794297
1 0.262900183122 0.349982830217 0.387116986661
1 0.262430072052 0.350892568547 0.386677359401
1 0.262857969855 0.349590334141 0.387551696004
2 0.262749157141 0.349689111881 0.387561730979
2 0.263318638536 0.350298952728 0.386382408735
2 0.262656398986 0.34904704069 0.388296560324
2 0.262762330736 0.34976618799 0.387471481274
2 0.262631392916 0.34980023677 0.387568370314
2 0.261893832658 0.350089111734 0.388017055608
2 0.262239778698 0.350268377723 0.387491843578
2 0.263043309068 0.34990100417 0.387055686761
2 0.263741635355 0.348859366393 0.387398998251
2 0.263970782435 0.349760593118 0.386268624447
2 0.262611947634 0.350769327755 0.386618724611
2 0.262533583512 0.34912913057 0.388337285918
2 0.261087255369 0.350389520219 0.388523224412
2 0.264213998501 0.348850029394 0.386935972105
2 0.263276807815 0.349599049792 0.387124142393
2 0.264473471291 0.347806576847 0.387719951862
2 0.263914350182 0.348857962461 0.387227687358
2 0.262747520666 0.349473099772 0.387779379562
2 0.2625763377 0.350114056395 0.387309605905
2 0.262347273696 0.350273910059 0.387378816245
2 0.26263648872 0.34971846066 0.38764505062
2 0.263482812981 0.349128431562 0.387388755456
2 0.262054969257 0.350625330909 0.387319699833
2 0.263026078982 0.350057909434 0.386916011584
2 0.26302070398 0.349287827355 0.387691468665
2 0.262866216169 0.349901186387 0.387232597444
2 0.261771826684 0.350106580661 0.388121592654
2 0.262738311607 0.349717382675 0.387544305718
