0 0.755430329774 0.1498421051 0.0947275651261
0 0.160998968976 0.831343966227 0.0076570647974
0 0.882971262647 0.0340163111395 0.0830124262136
0 0.214186695632 0.4820317982 0.303781506168
0 0.977673053438 0.00817555813232 0.01415138843
0 0.0961564654132 0.864930803279 0.0389127313076
0 0.844098763776 0.0127983954225 0.143102840801
0 0.840134526344 0.0927785029311 0.0670869707246
0 0.308477828466 0.295928573981 0.395593597553
0 0.927092813068 0.0557738353562 0.0171333515755
0 0.155235154531 0.186503651359 0.658261194111
0 0.20624094129 0.786878506131 0.00688055257903
0 0.353047009202 0.531703586503 0.115249404295
0 0.995701496029 0.0033687367835 0.000929767187531
0 0.43588268882 0.379138713285 0.184978597894
0 0.0331921918046 0.690493741638 0.276314066558
0 0.183696232889 0.768444873107 0.0478588940039
1 0.268912912844 0.70612242636 0.0249646607968
1 0.161360298966 0.673220682984 0.165419018049
1 0.00285541649593 0.291747448472 0.705397135032
1 0.0347454082622 0.747969183146 0.217285408592
1 0.330815996623 0.148335958578 0.520848044799
1 0.0852510528996 0.588944454824 0.325804492276
1 0.103610084088 0.769295704288 0.127094211624
1 0.491954030557 0.19486036187 0.313185607573
1 0.444152009487 0.161390214398 0.394457776115
1 0.0747587914497 0.581335668253 0.343905540298
1 0.0616694071657 0.920157861559 0.0181727312754
1 0.092167813765 0.0230851291148 0.88474705712
1 0.582690628122 0.358595450785 0.0587139210929
1 0.340424629313 0.570257088332 0.0893182823546
1 0.13463620115 0.636054080052 0.229309718798
1 0.232932398098 0.642186522953 0.124881078949
1 0.136081101297 0.178347969953 0.685570928751
2 0.0454231736368 0.0543527998571 0.900224026506
2 0.00736242846079 0.198442205563 0.794195365976
2 0.108078952118 0.132672101555 0.759248946327
2 0.00726275358809 0.271101508991 0.721635737421
2 0.141047055769 0.66600557084 0.19294737339
2 0.594394539546 0.057864432583 0.347741027871
2 0.0128465775906 0.21647535359 0.77067806882
2 0.033253169044 0.524709688211 0.442037142745
2 0.0594708443269 0.344912343425 0.595616812248
2 0.174959529302 0.395212298448 0.42982817225
2 0.0473566953994 0.0537285269895 0.898914777611
2 0.0687176687867 0.0726678797691 0.858614451444
2 0.343419016909 0.471537763609 0.185043219482
2 0.431959201776 0.277084046523 0.2909567517
2 0.180956969007 0.0990403268708 0.720002704123
2 0.683868229608 0.215528028457 0.100603741935
2 0.131392300723 0.212388023984 0.656219675293
