0 0.881787049911 0.0934972699808 0.0247156801078
0 0.510849442251 0.293605388318 0.195545169431
0 0.594416665752 0.381013483038 0.0245698512109
0 0.625356225099 0.320457408278 0.054186366623
0 0.371003524594 0.581787265537 0.0472092098689
0 0.630140980805 0.325196960153 0.0446620590427
0 0.942389793057 0.0492432360297 0.00836697091314
0 0.798779364182 0.17684752354 0.0243731122785
0 0.133068693447 0.852501694751 0.014429611802
0 0.879989883399 0.118374466841 0.00163564975973
0 0.66141434059 0.29964119447 0.0389444649401
0 0.784741960447 0.184371363446 0.030886676107
0 0.762131981457 0.198886839244 0.0389811792989
0 0.752705721802 0.239947674366 0.00734660383256
0 0.705925819928 0.279571868028 0.014502312044
0 0.366349620692 0.305463592556 0.328186786752
0 0.709992756073 0.126047601191 0.163959642736
1 0.791650689211 0.186482304751 0.0218670060387
1 0.12933396073 0.754607419776 0.116058619495
1 0.173150442421 0.755422062184 0.0714274953953
1 0.347295314776 0.458826293882 0.193878391342
1 0.104366949806 0.804783066523 0.0908499836711
1 0.124659613341 0.678342875271 0.196997511388
1 0.51556506702 0.288403098332 0.196031834648
1 0.55884373232 0.261414390943 0.179741876737
1 0.0590271163 0.826788154346 0.114184729354
1 0.219381102919 0.530690959753 0.249927937328
1 0.190066231229 0.769834791275 0.0400989774953
1 0.0323301574288 0.0429008884051 0.924768954166
1 0.486341811261 0.266994600094 0.246663588645
1 0.525514428935 0.466162027021 0.00832354404415
1 0.100978368004 0.761897289115 0.137124342881
1 0.0665564343365 0.60333905965 0.330104506013
1 0.147784652983 0.8486926445 0.00352270251689
2 0.00277148682106 0.0125262075861 0.984702305593
2 0.0358687934606 0.258533412408 0.705597794131
2 0.183222108347 0.134892697842 0.681885193811
2 0.00185026199516 0.0402670517283 0.957882686277
2 0.213191497485 0.158458916749 0.628349585767
2 0.0099332480686 0.0414281071107 0.948638644821
2 0.477581882823 0.30270592389 0.219712193287
2 0.018271548621 0.137993470998 0.843734980381
2 0.270004848744 0.49452797722 0.235467174036
2 0.0278606741919 0.122236702373 0.849902623435
2 0.0248027387143 0.0428327485442 0.932364512742
2 0.864128186507 0.0544826740006 0.0813891394922
2 0.0173047573745 0.126394075249 0.856301167376
2 0.428872451368 0.129186853223 0.441940695409
2 0.0637810905792 0.168355795755 0.767863113666
2 0.0871696498709 0.139963651291 0.772866698838
2 0.0770317576223 0.723744774638 0.19922346774
