0 0.508446809702 0.189101864271 0.302451326027
0 0.519255299091 0.394841719078 0.0859029818315
0 0.310844714749 0.589176308603 0.0999789766484
0 0.927517172242 0.061740204521 0.0107426232369
0 0.84504622378 0.096681510222 0.0582722659978
0 0.90654370511 0.0714152842138 0.022041010676
0 0.758862743798 0.0944902397502 0.146647016452
0 0.839149450198 0.138748730047 0.0221018197558
0 0.614819143755 0.378789174288 0.00639168195704
0 0.853354059008 0.141281210902 0.00536473009069
0 0.811750507537 0.0720724452529 0.11617704721
0 0.953969807891 0.0387914935296 0.0072386985796
0 0.451749818711 0.0377286087444 0.510521572545
0 0.308625926234 0.646427850954 0.0449462228121
0 0.670482024002 0.0927493942271 0.236768581771
0 0.472562349544 0.344830062195 0.18260758826
0 0.390097601231 0.0278122065669 0.582090192202
1 0.0203169621619 0.946553696495 0.0331293413428
1 0.215509608352 0.717443261861 0.0670471297868
1 0.573069236667 0.166657206884 0.26027355645
1 0.00357670710577 0.0122985862296 0.984124706665
1 0.0214301246872 0.304681173524 0.673888701788
1 0.64403464727 0.0897903204955 0.266175032235
1 0.15261082856 0.81913761781 0.0282515536306
1 0.0247791461896 0.366969231427 0.608251622383
1 0.315406401182 0.581663434492 0.102930164326
1 0.00753907895386 0.277818430887 0.714642490159
1 0.150288337272 0.758024525443 0.0916871372845
1 0.18016115492 0.671359979438 0.148478865642
1 0.148672552407 0.306841879225 0.544485568368
1 0.10752141881 0.879605164729 0.0128734164615
1 0.304412529543 0.681129164487 0.0144583059708
1 0.746573424056 0.19271755869 0.0607090172537
1 0.401819189981 0.568608132581 0.029572677438
2 0.0663941258405 0.105250814479 0.82835505968
2 0.0056313569418 0.00910860596682 0.985260037091
2 0.00293477968248 0.00992176233783 0.98714345798
2 0.0216386846537 0.0691702484898 0.909191066857
2 0.259570455163 0.145309113791 0.595120431046
2 0.00442814501385 0.0129773264139 0.982594528572
2 0.0495142443839 0.105183906475 0.845301849141
2 0.298527924648 0.105288171472 0.596183903879
2 0.0310516828223 0.0628552584777 0.9060930587
2 0.246681179854 0.570987292224 0.182331527922
2 0.000137456858195 0.00132161477659 0.998540928365
2 0.0807828830813 0.0980851715148 0.821131945404
2 0.253070970889 0.118309555383 0.628619473727
2 0.238715014682 0.425384729267 0.33590025605
2 0.0253924130256 0.0134690010973 0.961138585877
2 0.736553220508 0.161385486344 0.102061293147
2 0.0961805728376 0.296768223379 0.607051203783
