0 0.844315866752 0.0802546305487 0.0754295026995
0 0.87623485891 0.115112309636 0.0086528314546
0 0.623461089867 0.359910061327 0.0166288488062
0 0.141233831534 0.812169926888 0.0465962415775
0 0.910221224814 0.0441973195293 0.045581455657
0 0.943355957456 0.00466923724679 0.0519748052975
0 0.460598909562 0.317965356678 0.22143573376
0 0.429363973362 0.408005318213 0.162630708426
0 0.379636623243 0.0548696615953 0.565493715161
0 0.914739111202 0.0506745435432 0.0345863452549
0 0.971976145268 0.00931506772402 0.0187087870077
0 0.656500364088 0.335326815796 0.00817282011662
0 0.581355979075 0.360276921022 0.0583670999033
0 0.702952688828 0.185269385812 0.111777925361
0 0.875849130682 0.108892151545 0.0152587177724
0 0.934568084722 0.0636808505954 0.00175106468306
0 0.95321949413 0.025690169843 0.021090336027
0 0.900246480882 0.0706586564297 0.0290948626886
0 0.121689779622 0.0345728790999 0.843737341278
0 0.605747887077 0.335240349703 0.0590117632196
0 0.839541067153 0.126102147865 0.0343567849811
0 0.478279880103 0.355443599816 0.166276520082
0 0.971953033853 0.0174120195532 0.0106349465941
0 0.424279858669 0.259732222457 0.315987918874
0 0.531561369395 0.29073986311 0.177698767494
1 0.193919768952 0.672716076511 0.133364154537
1 0.376140223784 0.586861508738 0.0369982674786
1 0.599770069084 0.207160840751 0.193069090165
1 0.539240816766 0.288285689515 0.17247349372
1 0.178730968239 0.733048808368 0.088220223393
1 0.128314708921 0.414803308658 0.456881982421
1 0.294559361022 0.700996519213 0.00444411976425
1 0.0787304679079 0.916395474488 0.00487405760454
1 0.105452858855 0.86587064971 0.0286764914357
1 0.364420014649 0.409145011392 0.226434973959
1 0.0982221869654 0.0133538562361 0.888423956798
1 0.102356280915 0.865664289585 0.0319794295
1 0.138395797065 0.812998889853 0.0486053130822
1 0.0547045897012 0.65825152371 0.287043886588
1 0.291485735429 0.656743584208 0.051770680363
1 0.0305694792458 0.96637349105 0.00305702970394
1 0.751445969918 0.227472517643 0.0210815124388
1 0.654922647615 0.0405846644434 0.304492687942
1 0.0414213716859 0.956301057421 0.00227757089309
1 0.0660544101872 0.927902464867 0.0060431249454
1 0.0167944870232 0.941426639148 0.0417788738292
1 0.112862119342 0.134259798072 0.752878082585
1 0.307324171742 0.626548272961 0.0661275552968
1 0.0222521503034 0.970566574647 0.00718127504933
1 0.785761672822 0.0642302195386 0.150008107639
1 0.31723501675 0.40887512767 0.27388985558
2 0.369160232182 0.222671849676 0.408167918142
2 0.339051783196 0.0494645601 0.611483656704
2 0.0397779644931 0.0199994234357 0.940222612071
2 0.00363240036304 0.00592222766791 0.990445371969
2 0.0672232409644 0.105326957543 0.827449801492
2 0.000724150012619 0.000236513587088 0.9990393364
2 0.00193778407134 0.000619763477555 0.997442452451
2 0.0734622578416 0.0203096334045 0.906228108754
2 0.109813017808 0.0346776763873 0.855509305805
2 0.671484554372 0.278405860139 0.0501095854883
2 0.00770987241983 0.0122193169488 0.980070810631
2 0.108444947161 0.00136646644502 0.890188586394
2 0.0097248242165 0.0441456762676 0.946129499516
2 0.0282611537335 0.0237061024626 0.948032743804
2 0.298731260924 0.0263450841188 0.674923654957
2 0.0612019564011 0.163250304507 0.775547739091
2 0.0154813024607 0.0027765473598 0.98174215018
2 0.0122789461209 0.000959537297403 0.986761516582
2 0.0105205231151 0.0314837461062 0.957995730779
2 0.0357902974419 0.0116194071613 0.952590295397
2 0.079077760467 0.014857246708 0.906064992825
2 0.0931192481254 0.0181588507845 0.88872190109
2 0.000517435790705 1.54088042437e-05 0.999467155405
2 0.00358437774406 0.0111621638553 0.985253458401
2 0.295596554222 0.0633054612252 0.641097984553
2 0.0109458149782 0.00499395121746 0.984060233804
2 0.011256911961 0.00306688402562 0.985676204013
2 0.0106532147115 0.385972912671 0.603373872617
