0 0.029243941211 0.0190101927859 0.951745866003
0 0.320166600678 0.254286355173 0.425547044149
0 0.383051275402 0.608378361598 0.00857036300074
0 0.00501202530167 0.990821305865 0.00416666883287
0 0.140972813664 0.242286332337 0.616740853999
0 0.847437902694 0.00453575884795 0.148026338458
0 0.523177597489 0.0870795832594 0.389742819252
0 0.569182752354 0.0243062531527 0.406510994494
0 0.171613877882 0.106431896092 0.721954226026
0 0.309280232712 0.612015675977 0.078704091311
0 0.831470923432 0.123608070298 0.0449210062695
0 0.0101400361992 0.97527556726 0.0145843965412
0 0.188238803448 0.78858296007 0.0231782364823
0 0.210241809373 0.720803466058 0.0689547245696
0 0.588323229263 0.390552421141 0.0211243495952
0 0.169656728219 0.804290343602 0.0260529281788
0 0.722283852142 0.266934111357 0.0107820365012
0 0.918041639752 0.0267931758541 0.0551651843934
0 0.00792182941164 0.000958802128372 0.99111936846
0 0.0158151821519 0.545861639406 0.438323178442
0 0.198261725652 0.789569268125 0.0121690062232
0 0.183399087944 0.217183833889 0.599417078167
0 0.975423209111 0.011898676356 0.0126781145329
0 0.260521423323 0.104058074893 0.635420501784
0 0.00614683015665 0.987466707121 0.00638646272213
1 0.137554375555 0.845309651885 0.0171359725599
1 0.350524830052 0.1638529492 0.485622220748
1 0.162683977695 0.00539614736697 0.831919874938
1 0.648781049294 0.105963913684 0.245255037022
1 0.192065222835 0.0873678418222 0.720566935343
1 0.288962614169 0.204307190433 0.506730195398
1 0.966540767303 0.0283275017455 0.00513173095126
1 0.0203087096542 0.979419491392 0.000271798953547
1 0.209046811669 0.416996120243 0.373957068088
1 0.346788262737 0.0201187707399 0.633092966523
1 0.305194310642 0.0354171853913 0.659388503966
1 0.681814114854 0.244796076498 0.0733898086478
1 0.259296433274 0.0698321439934 0.670871422733
1 0.0851741472263 0.504965326324 0.409860526449
1 0.8573286896 0.0645358204418 0.078135489958
1 0.00967449110833 0.985811962551 0.00451354634101
1 0.830177521052 0.167315799057 0.00250667989102
1 0.810417476388 0.00164075859292 0.187941765019
1 0.179749079724 0.801582723282 0.0186681969944
1 0.0718641896971 0.417933468068 0.510202342234
1 0.0128564886704 0.982274540046 0.00486897128346
1 0.390005525949 0.119791357986 0.490203116065
1 0.474456592946 0.138166837328 0.387376569727
1 0.0432234666523 0.892389390163 0.0643871431846
1 0.111065899699 0.000152727368776 0.888781372932
1 0.492156723625 0.106069397994 0.401773878381
2 0.817425954991 0.171452128408 0.0111219166004
2 0.469043373519 0.102788696587 0.428167929894
2 0.105710672034 0.0241939921997 0.870095335766
2 0.874070947686 0.00772233048512 0.118206721828
2 0.251784480163 0.0827889129968 0.66542660684
2 0.0540534290788 0.0140342630994 0.931912307822
2 0.00346542980251 0.0034527784686 0.993081791729
2 0.221970557618 0.267118538484 0.510910903898
2 0.19654206517 0.0823822607265 0.721075674103
2 0.306926578854 0.691711551891 0.00136186925522
2 0.018723633439 0.0281689149711 0.95310745159
2 0.0493432325549 0.000359003628578 0.950297763817
2 0.126809451031 0.120842224436 0.752348324533
2 0.251019451347 0.0243718799724 0.724608668681
2 0.977327742253 0.0102580398653 0.0124142178812
2 0.116754135167 0.696477044876 0.186768819957
2 0.371294637073 0.117189747883 0.511515615044
2 0.0873787643638 0.00954785137786 0.903073384258
2 0.000627447625433 0.0192792545646 0.98009329781
2 0.0113866485281 0.777892916047 0.210720435425
2 0.207912756255 0.0339865967254 0.758100647019
2 0.0314010567631 0.0129591389585 0.955639804278
2 0.162282984301 0.00559981759225 0.832117198107
2 0.185811351722 0.0317677135385 0.782420934739
2 0.0187442076693 0.0345267256986 0.946729066632
2 0.0316786615082 0.200951661076 0.767369677416
2 0.00277016445826 0.00248801154071 0.994741824001
2 0.00958405679158 0.0176735498906 0.972742393318
